"run","randomSeed","numTanksBlue","default_observer_minPycor","default_observer_maxPycor","numSoldierBlue","default_observer_maxPxcor","numRidersBlue","default_observer_minPxcor","numTanksRed","numRidersRed","numSoldierRed"
1,-2057185603,0,-16,16,0,16,0,-16,0,0,0
2,-2057184353,0,-16,16,0,16,0,-16,0,0,10
3,-2057183994,0,-16,16,0,16,0,-16,0,0,20
4,-2057183728,0,-16,16,0,16,0,-16,0,10,0
5,-2057183353,0,-16,16,0,16,0,-16,0,10,10
6,-2057183228,0,-16,16,0,16,0,-16,0,10,20
7,-2057183103,0,-16,16,0,16,0,-16,0,20,0
8,-2057182885,0,-16,16,0,16,0,-16,0,20,10
9,-2057182588,0,-16,16,0,16,0,-16,0,20,20
10,-2057182244,0,-16,16,0,16,0,-16,10,0,0
11,-2057182072,0,-16,16,0,16,0,-16,10,0,10
12,-2057181932,0,-16,16,0,16,0,-16,10,0,20
13,-2057181713,0,-16,16,0,16,0,-16,10,10,0
14,-2057181619,0,-16,16,0,16,0,-16,10,10,10
15,-2057181432,0,-16,16,0,16,0,-16,10,10,20
16,-2057181275,0,-16,16,0,16,0,-16,10,20,0
17,-2057181135,0,-16,16,0,16,0,-16,10,20,10
18,-2057180900,0,-16,16,0,16,0,-16,10,20,20
19,-2057180697,0,-16,16,0,16,0,-16,20,0,0
20,-2057180541,0,-16,16,0,16,0,-16,20,0,10
21,-2057180384,0,-16,16,0,16,0,-16,20,0,20
22,-2057180275,0,-16,16,0,16,0,-16,20,10,0
23,-2057180119,0,-16,16,0,16,0,-16,20,10,10
24,-2057179978,0,-16,16,0,16,0,-16,20,10,20
25,-2057179822,0,-16,16,0,16,0,-16,20,20,0
26,-2057179728,0,-16,16,0,16,0,-16,20,20,10
27,-2057179619,0,-16,16,0,16,0,-16,20,20,20
28,-2057179432,0,-16,16,0,16,10,-16,0,0,0
29,-2057179291,0,-16,16,0,16,10,-16,0,0,10
30,-2057179182,0,-16,16,0,16,10,-16,0,0,20
31,-2057179041,0,-16,16,0,16,10,-16,0,10,0
32,-2057178947,0,-16,16,0,16,10,-16,0,10,10
33,-2057178838,0,-16,16,0,16,10,-16,0,10,20
34,-2057178760,0,-16,16,0,16,10,-16,0,20,0
35,-2057178650,0,-16,16,0,16,10,-16,0,20,10
36,-2057178572,0,-16,16,0,16,10,-16,0,20,20
37,-2057178478,0,-16,16,0,16,10,-16,10,0,0
38,-2057178338,0,-16,16,0,16,10,-16,10,0,10
39,-2057178197,0,-16,16,0,16,10,-16,10,0,20
40,-2057178056,0,-16,16,0,16,10,-16,10,10,0
41,-2057177916,0,-16,16,0,16,10,-16,10,10,10
42,-2057177853,0,-16,16,0,16,10,-16,10,10,20
43,-2057177775,0,-16,16,0,16,10,-16,10,20,0
44,-2057177650,0,-16,16,0,16,10,-16,10,20,10
45,-2057177556,0,-16,16,0,16,10,-16,10,20,20
46,-2057177447,0,-16,16,0,16,10,-16,20,0,0
47,-2057177322,0,-16,16,0,16,10,-16,20,0,10
48,-2057177228,0,-16,16,0,16,10,-16,20,0,20
49,-2057177119,0,-16,16,0,16,10,-16,20,10,0
50,-2057176931,0,-16,16,0,16,10,-16,20,10,10
51,-2057176838,0,-16,16,0,16,10,-16,20,10,20
52,-2057176744,0,-16,16,0,16,10,-16,20,20,0
53,-2057176666,0,-16,16,0,16,10,-16,20,20,10
54,-2057176557,0,-16,16,0,16,10,-16,20,20,20
55,-2057176447,0,-16,16,0,16,20,-16,0,0,0
56,-2057176369,0,-16,16,0,16,20,-16,0,0,10
57,-2057176228,0,-16,16,0,16,20,-16,0,0,20
58,-2057176135,0,-16,16,0,16,20,-16,0,10,0
59,-2057176025,0,-16,16,0,16,20,-16,0,10,10
60,-2057175947,0,-16,16,0,16,20,-16,0,10,20
61,-2057175869,0,-16,16,0,16,20,-16,0,20,0
62,-2057175760,0,-16,16,0,16,20,-16,0,20,10
63,-2057175681,0,-16,16,0,16,20,-16,0,20,20
64,-2057175525,0,-16,16,0,16,20,-16,10,0,0
65,-2057175369,0,-16,16,0,16,20,-16,10,0,10
66,-2057175260,0,-16,16,0,16,20,-16,10,0,20
67,-2057175135,0,-16,16,0,16,20,-16,10,10,0
68,-2057174869,0,-16,16,0,16,20,-16,10,10,10
69,-2057174775,0,-16,16,0,16,20,-16,10,10,20
70,-2057174682,0,-16,16,0,16,20,-16,10,20,0
71,-2057174572,0,-16,16,0,16,20,-16,10,20,10
72,-2057174463,0,-16,16,0,16,20,-16,10,20,20
73,-2057174353,0,-16,16,0,16,20,-16,20,0,0
74,-2057174260,0,-16,16,0,16,20,-16,20,0,10
75,-2057174135,0,-16,16,0,16,20,-16,20,0,20
76,-2057174041,0,-16,16,0,16,20,-16,20,10,0
77,-2057173947,0,-16,16,0,16,20,-16,20,10,10
78,-2057173853,0,-16,16,0,16,20,-16,20,10,20
79,-2057173791,0,-16,16,0,16,20,-16,20,20,0
80,-2057173666,0,-16,16,0,16,20,-16,20,20,10
81,-2057173525,0,-16,16,0,16,20,-16,20,20,20
82,-2057173416,0,-16,16,10,16,0,-16,0,0,0
83,-2057173275,0,-16,16,10,16,0,-16,0,0,10
84,-2057173135,0,-16,16,10,16,0,-16,0,0,20
85,-2057172978,0,-16,16,10,16,0,-16,0,10,0
86,-2057172869,0,-16,16,10,16,0,-16,0,10,10
87,-2057172728,0,-16,16,10,16,0,-16,0,10,20
88,-2057172619,0,-16,16,10,16,0,-16,0,20,0
89,-2057172525,0,-16,16,10,16,0,-16,0,20,10
90,-2057172447,0,-16,16,10,16,0,-16,0,20,20
91,-2057172307,0,-16,16,10,16,0,-16,10,0,0
92,-2057172244,0,-16,16,10,16,0,-16,10,0,10
93,-2057172119,0,-16,16,10,16,0,-16,10,0,20
94,-2057172010,0,-16,16,10,16,0,-16,10,10,0
95,-2057171916,0,-16,16,10,16,0,-16,10,10,10
96,-2057171791,0,-16,16,10,16,0,-16,10,10,20
97,-2057171697,0,-16,16,10,16,0,-16,10,20,0
98,-2057171588,0,-16,16,10,16,0,-16,10,20,10
99,-2057171478,0,-16,16,10,16,0,-16,10,20,20
100,-2057171385,0,-16,16,10,16,0,-16,20,0,0
101,-2057171275,0,-16,16,10,16,0,-16,20,0,10
102,-2057171181,0,-16,16,10,16,0,-16,20,0,20
103,-2057171041,0,-16,16,10,16,0,-16,20,10,0
104,-2057170931,0,-16,16,10,16,0,-16,20,10,10
105,-2057170822,0,-16,16,10,16,0,-16,20,10,20
106,-2057170728,0,-16,16,10,16,0,-16,20,20,0
107,-2057170619,0,-16,16,10,16,0,-16,20,20,10
108,-2057170478,0,-16,16,10,16,0,-16,20,20,20
109,-2057170338,0,-16,16,10,16,10,-16,0,0,0
110,-2057170213,0,-16,16,10,16,10,-16,0,0,10
111,-2057170119,0,-16,16,10,16,10,-16,0,0,20
112,-2057169916,0,-16,16,10,16,10,-16,0,10,0
113,-2057169822,0,-16,16,10,16,10,-16,0,10,10
114,-2057169635,0,-16,16,10,16,10,-16,0,10,20
115,-2057169510,0,-16,16,10,16,10,-16,0,20,0
116,-2057169431,0,-16,16,10,16,10,-16,0,20,10
117,-2057169322,0,-16,16,10,16,10,-16,0,20,20
118,-2057169228,0,-16,16,10,16,10,-16,10,0,0
119,-2057169041,0,-16,16,10,16,10,-16,10,0,10
120,-2057168931,0,-16,16,10,16,10,-16,10,0,20
121,-2057168822,0,-16,16,10,16,10,-16,10,10,0
122,-2057168635,0,-16,16,10,16,10,-16,10,10,10
123,-2057168510,0,-16,16,10,16,10,-16,10,10,20
124,-2057168400,0,-16,16,10,16,10,-16,10,20,0
125,-2057168306,0,-16,16,10,16,10,-16,10,20,10
126,-2057168150,0,-16,16,10,16,10,-16,10,20,20
127,-2057168056,0,-16,16,10,16,10,-16,20,0,0
128,-2057167978,0,-16,16,10,16,10,-16,20,0,10
129,-2057167838,0,-16,16,10,16,10,-16,20,0,20
130,-2057167728,0,-16,16,10,16,10,-16,20,10,0
131,-2057167666,0,-16,16,10,16,10,-16,20,10,10
132,-2057167588,0,-16,16,10,16,10,-16,20,10,20
133,-2057167494,0,-16,16,10,16,10,-16,20,20,0
134,-2057167416,0,-16,16,10,16,10,-16,20,20,10
135,-2057167244,0,-16,16,10,16,10,-16,20,20,20
136,-2057167166,0,-16,16,10,16,20,-16,0,0,0
137,-2057167041,0,-16,16,10,16,20,-16,0,0,10
138,-2057166916,0,-16,16,10,16,20,-16,0,0,20
139,-2057166760,0,-16,16,10,16,20,-16,0,10,0
140,-2057166666,0,-16,16,10,16,20,-16,0,10,10
141,-2057166603,0,-16,16,10,16,20,-16,0,10,20
142,-2057166525,0,-16,16,10,16,20,-16,0,20,0
143,-2057166385,0,-16,16,10,16,20,-16,0,20,10
144,-2057166260,0,-16,16,10,16,20,-16,0,20,20
145,-2057166166,0,-16,16,10,16,20,-16,10,0,0
146,-2057166072,0,-16,16,10,16,20,-16,10,0,10
147,-2057165978,0,-16,16,10,16,20,-16,10,0,20
148,-2057165885,0,-16,16,10,16,20,-16,10,10,0
149,-2057165822,0,-16,16,10,16,20,-16,10,10,10
150,-2057165713,0,-16,16,10,16,20,-16,10,10,20
151,-2057165650,0,-16,16,10,16,20,-16,10,20,0
152,-2057165510,0,-16,16,10,16,20,-16,10,20,10
153,-2057165416,0,-16,16,10,16,20,-16,10,20,20
154,-2057165275,0,-16,16,10,16,20,-16,20,0,0
155,-2057165150,0,-16,16,10,16,20,-16,20,0,10
156,-2057165041,0,-16,16,10,16,20,-16,20,0,20
157,-2057164806,0,-16,16,10,16,20,-16,20,10,0
158,-2057164697,0,-16,16,10,16,20,-16,20,10,10
159,-2057164572,0,-16,16,10,16,20,-16,20,10,20
160,-2057164463,0,-16,16,10,16,20,-16,20,20,0
161,-2057164260,0,-16,16,10,16,20,-16,20,20,10
162,-2057164166,0,-16,16,10,16,20,-16,20,20,20
163,-2057164072,0,-16,16,20,16,0,-16,0,0,0
164,-2057163885,0,-16,16,20,16,0,-16,0,0,10
165,-2057163791,0,-16,16,20,16,0,-16,0,0,20
166,-2057163635,0,-16,16,20,16,0,-16,0,10,0
167,-2057163541,0,-16,16,20,16,0,-16,0,10,10
168,-2057163447,0,-16,16,20,16,0,-16,0,10,20
169,-2057163306,0,-16,16,20,16,0,-16,0,20,0
170,-2057163197,0,-16,16,20,16,0,-16,0,20,10
171,-2057163072,0,-16,16,20,16,0,-16,0,20,20
172,-2057162963,0,-16,16,20,16,0,-16,10,0,0
173,-2057162869,0,-16,16,20,16,0,-16,10,0,10
174,-2057162775,0,-16,16,20,16,0,-16,10,0,20
175,-2057162650,0,-16,16,20,16,0,-16,10,10,0
176,-2057162494,0,-16,16,20,16,0,-16,10,10,10
177,-2057162385,0,-16,16,20,16,0,-16,10,10,20
178,-2057162260,0,-16,16,20,16,0,-16,10,20,0
179,-2057162119,0,-16,16,20,16,0,-16,10,20,10
180,-2057162025,0,-16,16,20,16,0,-16,10,20,20
181,-2057161947,0,-16,16,20,16,0,-16,20,0,0
182,-2057161853,0,-16,16,20,16,0,-16,20,0,10
183,-2057161697,0,-16,16,20,16,0,-16,20,0,20
184,-2057161588,0,-16,16,20,16,0,-16,20,10,0
185,-2057161463,0,-16,16,20,16,0,-16,20,10,10
186,-2057161275,0,-16,16,20,16,0,-16,20,10,20
187,-2057161197,0,-16,16,20,16,0,-16,20,20,0
188,-2057161057,0,-16,16,20,16,0,-16,20,20,10
189,-2057160931,0,-16,16,20,16,0,-16,20,20,20
190,-2057160791,0,-16,16,20,16,10,-16,0,0,0
191,-2057160666,0,-16,16,20,16,10,-16,0,0,10
192,-2057160541,0,-16,16,20,16,10,-16,0,0,20
193,-2057160478,0,-16,16,20,16,10,-16,0,10,0
194,-2057160369,0,-16,16,20,16,10,-16,0,10,10
195,-2057160260,0,-16,16,20,16,10,-16,0,10,20
196,-2057160119,0,-16,16,20,16,10,-16,0,20,0
197,-2057159994,0,-16,16,20,16,10,-16,0,20,10
198,-2057159791,0,-16,16,20,16,10,-16,0,20,20
199,-2057159681,0,-16,16,20,16,10,-16,10,0,0
200,-2057159556,0,-16,16,20,16,10,-16,10,0,10
201,-2057159431,0,-16,16,20,16,10,-16,10,0,20
202,-2057159291,0,-16,16,20,16,10,-16,10,10,0
203,-2057159197,0,-16,16,20,16,10,-16,10,10,10
204,-2057159088,0,-16,16,20,16,10,-16,10,10,20
205,-2057158994,0,-16,16,20,16,10,-16,10,20,0
206,-2057158885,0,-16,16,20,16,10,-16,10,20,10
207,-2057158775,0,-16,16,20,16,10,-16,10,20,20
208,-2057158635,0,-16,16,20,16,10,-16,20,0,0
209,-2057158525,0,-16,16,20,16,10,-16,20,0,10
210,-2057158447,0,-16,16,20,16,10,-16,20,0,20
211,-2057158369,0,-16,16,20,16,10,-16,20,10,0
212,-2057158244,0,-16,16,20,16,10,-16,20,10,10
213,-2057158150,0,-16,16,20,16,10,-16,20,10,20
214,-2057158041,0,-16,16,20,16,10,-16,20,20,0
215,-2057157931,0,-16,16,20,16,10,-16,20,20,10
216,-2057157853,0,-16,16,20,16,10,-16,20,20,20
217,-2057157744,0,-16,16,20,16,20,-16,0,0,0
218,-2057157603,0,-16,16,20,16,20,-16,0,0,10
219,-2057157478,0,-16,16,20,16,20,-16,0,0,20
220,-2057157275,0,-16,16,20,16,20,-16,0,10,0
221,-2057157197,0,-16,16,20,16,20,-16,0,10,10
222,-2057157135,0,-16,16,20,16,20,-16,0,10,20
223,-2057157010,0,-16,16,20,16,20,-16,0,20,0
224,-2057156931,0,-16,16,20,16,20,-16,0,20,10
225,-2057156822,0,-16,16,20,16,20,-16,0,20,20
226,-2057156697,0,-16,16,20,16,20,-16,10,0,0
227,-2057156572,0,-16,16,20,16,20,-16,10,0,10
228,-2057156525,0,-16,16,20,16,20,-16,10,0,20
229,-2057156400,0,-16,16,20,16,20,-16,10,10,0
230,-2057156322,0,-16,16,20,16,20,-16,10,10,10
231,-2057156197,0,-16,16,20,16,20,-16,10,10,20
232,-2057156103,0,-16,16,20,16,20,-16,10,20,0
233,-2057155994,0,-16,16,20,16,20,-16,10,20,10
234,-2057155869,0,-16,16,20,16,20,-16,10,20,20
235,-2057155713,0,-16,16,20,16,20,-16,20,0,0
236,-2057155666,0,-16,16,20,16,20,-16,20,0,10
237,-2057155556,0,-16,16,20,16,20,-16,20,0,20
238,-2057155447,0,-16,16,20,16,20,-16,20,10,0
239,-2057155369,0,-16,16,20,16,20,-16,20,10,10
240,-2057155275,0,-16,16,20,16,20,-16,20,10,20
241,-2057155166,0,-16,16,20,16,20,-16,20,20,0
242,-2057155041,0,-16,16,20,16,20,-16,20,20,10
243,-2057154963,0,-16,16,20,16,20,-16,20,20,20
244,-2057154885,10,-16,16,0,16,0,-16,0,0,0
245,-2057154806,10,-16,16,0,16,0,-16,0,0,10
246,-2057154681,10,-16,16,0,16,0,-16,0,0,20
247,-2057154619,10,-16,16,0,16,0,-16,0,10,0
248,-2057154478,10,-16,16,0,16,0,-16,0,10,10
249,-2057154369,10,-16,16,0,16,0,-16,0,10,20
250,-2057154260,10,-16,16,0,16,0,-16,0,20,0
251,-2057154150,10,-16,16,0,16,0,-16,0,20,10
252,-2057154010,10,-16,16,0,16,0,-16,0,20,20
253,-2057153931,10,-16,16,0,16,0,-16,10,0,0
254,-2057153822,10,-16,16,0,16,0,-16,10,0,10
255,-2057153713,10,-16,16,0,16,0,-16,10,0,20
256,-2057153603,10,-16,16,0,16,0,-16,10,10,0
257,-2057153447,10,-16,16,0,16,0,-16,10,10,10
258,-2057153338,10,-16,16,0,16,0,-16,10,10,20
259,-2057153197,10,-16,16,0,16,0,-16,10,20,0
260,-2057153135,10,-16,16,0,16,0,-16,10,20,10
261,-2057153025,10,-16,16,0,16,0,-16,10,20,20
262,-2057152838,10,-16,16,0,16,0,-16,20,0,0
263,-2057152760,10,-16,16,0,16,0,-16,20,0,10
264,-2057152619,10,-16,16,0,16,0,-16,20,0,20
265,-2057152478,10,-16,16,0,16,0,-16,20,10,0
266,-2057152353,10,-16,16,0,16,0,-16,20,10,10
267,-2057152228,10,-16,16,0,16,0,-16,20,10,20
268,-2057152088,10,-16,16,0,16,0,-16,20,20,0
269,-2057151931,10,-16,16,0,16,0,-16,20,20,10
270,-2057151775,10,-16,16,0,16,0,-16,20,20,20
271,-2057151682,10,-16,16,0,16,10,-16,0,0,0
272,-2057151588,10,-16,16,0,16,10,-16,0,0,10
273,-2057151478,10,-16,16,0,16,10,-16,0,0,20
274,-2057151322,10,-16,16,0,16,10,-16,0,10,0
275,-2057151213,10,-16,16,0,16,10,-16,0,10,10
276,-2057151072,10,-16,16,0,16,10,-16,0,10,20
277,-2057150978,10,-16,16,0,16,10,-16,0,20,0
278,-2057150869,10,-16,16,0,16,10,-16,0,20,10
279,-2057150775,10,-16,16,0,16,10,-16,0,20,20
280,-2057150681,10,-16,16,0,16,10,-16,10,0,0
281,-2057150478,10,-16,16,0,16,10,-16,10,0,10
282,-2057150400,10,-16,16,0,16,10,-16,10,0,20
283,-2057150291,10,-16,16,0,16,10,-16,10,10,0
284,-2057150197,10,-16,16,0,16,10,-16,10,10,10
285,-2057150103,10,-16,16,0,16,10,-16,10,10,20
286,-2057149822,10,-16,16,0,16,10,-16,10,20,0
287,-2057149666,10,-16,16,0,16,10,-16,10,20,10
288,-2057149603,10,-16,16,0,16,10,-16,10,20,20
289,-2057149510,10,-16,16,0,16,10,-16,20,0,0
290,-2057149416,10,-16,16,0,16,10,-16,20,0,10
291,-2057149353,10,-16,16,0,16,10,-16,20,0,20
292,-2057149228,10,-16,16,0,16,10,-16,20,10,0
293,-2057149150,10,-16,16,0,16,10,-16,20,10,10
294,-2057149072,10,-16,16,0,16,10,-16,20,10,20
295,-2057148963,10,-16,16,0,16,10,-16,20,20,0
296,-2057148822,10,-16,16,0,16,10,-16,20,20,10
297,-2057148697,10,-16,16,0,16,10,-16,20,20,20
298,-2057148588,10,-16,16,0,16,20,-16,0,0,0
299,-2057148494,10,-16,16,0,16,20,-16,0,0,10
300,-2057148432,10,-16,16,0,16,20,-16,0,0,20
301,-2057148275,10,-16,16,0,16,20,-16,0,10,0
302,-2057148135,10,-16,16,0,16,20,-16,0,10,10
303,-2057148025,10,-16,16,0,16,20,-16,0,10,20
304,-2057147916,10,-16,16,0,16,20,-16,0,20,0
305,-2057147807,10,-16,16,0,16,20,-16,0,20,10
306,-2057147697,10,-16,16,0,16,20,-16,0,20,20
307,-2057147572,10,-16,16,0,16,20,-16,10,0,0
308,-2057147463,10,-16,16,0,16,20,-16,10,0,10
309,-2057147338,10,-16,16,0,16,20,-16,10,0,20
310,-2057147244,10,-16,16,0,16,20,-16,10,10,0
311,-2057147150,10,-16,16,0,16,20,-16,10,10,10
312,-2057147041,10,-16,16,0,16,20,-16,10,10,20
313,-2057146916,10,-16,16,0,16,20,-16,10,20,0
314,-2057146791,10,-16,16,0,16,20,-16,10,20,10
315,-2057146681,10,-16,16,0,16,20,-16,10,20,20
316,-2057146603,10,-16,16,0,16,20,-16,20,0,0
317,-2057146385,10,-16,16,0,16,20,-16,20,0,10
318,-2057146275,10,-16,16,0,16,20,-16,20,0,20
319,-2057146166,10,-16,16,0,16,20,-16,20,10,0
320,-2057146041,10,-16,16,0,16,20,-16,20,10,10
321,-2057145931,10,-16,16,0,16,20,-16,20,10,20
322,-2057145807,10,-16,16,0,16,20,-16,20,20,0
323,-2057145697,10,-16,16,0,16,20,-16,20,20,10
324,-2057145588,10,-16,16,0,16,20,-16,20,20,20
325,-2057145431,10,-16,16,10,16,0,-16,0,0,0
326,-2057145291,10,-16,16,10,16,0,-16,0,0,10
327,-2057145181,10,-16,16,10,16,0,-16,0,0,20
328,-2057145025,10,-16,16,10,16,0,-16,0,10,0
329,-2057144885,10,-16,16,10,16,0,-16,0,10,10
330,-2057144775,10,-16,16,10,16,0,-16,0,10,20
331,-2057144603,10,-16,16,10,16,0,-16,0,20,0
332,-2057144510,10,-16,16,10,16,0,-16,0,20,10
333,-2057144369,10,-16,16,10,16,0,-16,0,20,20
334,-2057144244,10,-16,16,10,16,0,-16,10,0,0
335,-2057144135,10,-16,16,10,16,0,-16,10,0,10
336,-2057144041,10,-16,16,10,16,0,-16,10,0,20
337,-2057143900,10,-16,16,10,16,0,-16,10,10,0
338,-2057143791,10,-16,16,10,16,0,-16,10,10,10
339,-2057143697,10,-16,16,10,16,0,-16,10,10,20
340,-2057143556,10,-16,16,10,16,0,-16,10,20,0
341,-2057143447,10,-16,16,10,16,0,-16,10,20,10
342,-2057143306,10,-16,16,10,16,0,-16,10,20,20
343,-2057143119,10,-16,16,10,16,0,-16,20,0,0
344,-2057142994,10,-16,16,10,16,0,-16,20,0,10
345,-2057142853,10,-16,16,10,16,0,-16,20,0,20
346,-2057142744,10,-16,16,10,16,0,-16,20,10,0
347,-2057142650,10,-16,16,10,16,0,-16,20,10,10
348,-2057142525,10,-16,16,10,16,0,-16,20,10,20
349,-2057142353,10,-16,16,10,16,0,-16,20,20,0
350,-2057142228,10,-16,16,10,16,0,-16,20,20,10
351,-2057142150,10,-16,16,10,16,0,-16,20,20,20
352,-2057142025,10,-16,16,10,16,10,-16,0,0,0
353,-2057141885,10,-16,16,10,16,10,-16,0,0,10
354,-2057141791,10,-16,16,10,16,10,-16,0,0,20
355,-2057141713,10,-16,16,10,16,10,-16,0,10,0
356,-2057141603,10,-16,16,10,16,10,-16,0,10,10
357,-2057141510,10,-16,16,10,16,10,-16,0,10,20
358,-2057141385,10,-16,16,10,16,10,-16,0,20,0
359,-2057141260,10,-16,16,10,16,10,-16,0,20,10
360,-2057141088,10,-16,16,10,16,10,-16,0,20,20
361,-2057140994,10,-16,16,10,16,10,-16,10,0,0
362,-2057140900,10,-16,16,10,16,10,-16,10,0,10
363,-2057140775,10,-16,16,10,16,10,-16,10,0,20
364,-2057140682,10,-16,16,10,16,10,-16,10,10,0
365,-2057140556,10,-16,16,10,16,10,-16,10,10,10
366,-2057140463,10,-16,16,10,16,10,-16,10,10,20
367,-2057140291,10,-16,16,10,16,10,-16,10,20,0
368,-2057140197,10,-16,16,10,16,10,-16,10,20,10
369,-2057140057,10,-16,16,10,16,10,-16,10,20,20
370,-2057139947,10,-16,16,10,16,10,-16,20,0,0
371,-2057139838,10,-16,16,10,16,10,-16,20,0,10
372,-2057139713,10,-16,16,10,16,10,-16,20,0,20
373,-2057139603,10,-16,16,10,16,10,-16,20,10,0
374,-2057139478,10,-16,16,10,16,10,-16,20,10,10
375,-2057139353,10,-16,16,10,16,10,-16,20,10,20
376,-2057139228,10,-16,16,10,16,10,-16,20,20,0
377,-2057139150,10,-16,16,10,16,10,-16,20,20,10
378,-2057139057,10,-16,16,10,16,10,-16,20,20,20
379,-2057138963,10,-16,16,10,16,20,-16,0,0,0
380,-2057138822,10,-16,16,10,16,20,-16,0,0,10
381,-2057138713,10,-16,16,10,16,20,-16,0,0,20
382,-2057138619,10,-16,16,10,16,20,-16,0,10,0
383,-2057138494,10,-16,16,10,16,20,-16,0,10,10
384,-2057138369,10,-16,16,10,16,20,-16,0,10,20
385,-2057138244,10,-16,16,10,16,20,-16,0,20,0
386,-2057138135,10,-16,16,10,16,20,-16,0,20,10
387,-2057138010,10,-16,16,10,16,20,-16,0,20,20
388,-2057137853,10,-16,16,10,16,20,-16,10,0,0
389,-2057137760,10,-16,16,10,16,20,-16,10,0,10
390,-2057137650,10,-16,16,10,16,20,-16,10,0,20
391,-2057137494,10,-16,16,10,16,20,-16,10,10,0
392,-2057137400,10,-16,16,10,16,20,-16,10,10,10
393,-2057137275,10,-16,16,10,16,20,-16,10,10,20
394,-2057137135,10,-16,16,10,16,20,-16,10,20,0
395,-2057136978,10,-16,16,10,16,20,-16,10,20,10
396,-2057136869,10,-16,16,10,16,20,-16,10,20,20
397,-2057136775,10,-16,16,10,16,20,-16,20,0,0
398,-2057136603,10,-16,16,10,16,20,-16,20,0,10
399,-2057136478,10,-16,16,10,16,20,-16,20,0,20
400,-2057136385,10,-16,16,10,16,20,-16,20,10,0
401,-2057136260,10,-16,16,10,16,20,-16,20,10,10
402,-2057136181,10,-16,16,10,16,20,-16,20,10,20
403,-2057136103,10,-16,16,10,16,20,-16,20,20,0
404,-2057136025,10,-16,16,10,16,20,-16,20,20,10
405,-2057135916,10,-16,16,10,16,20,-16,20,20,20
406,-2057135838,10,-16,16,20,16,0,-16,0,0,0
407,-2057135744,10,-16,16,20,16,0,-16,0,0,10
408,-2057135635,10,-16,16,20,16,0,-16,0,0,20
409,-2057135494,10,-16,16,20,16,0,-16,0,10,0
410,-2057135416,10,-16,16,20,16,0,-16,0,10,10
411,-2057135338,10,-16,16,20,16,0,-16,0,10,20
412,-2057135181,10,-16,16,20,16,0,-16,0,20,0
413,-2057135103,10,-16,16,20,16,0,-16,0,20,10
414,-2057134978,10,-16,16,20,16,0,-16,0,20,20
415,-2057134838,10,-16,16,20,16,0,-16,10,0,0
416,-2057134744,10,-16,16,20,16,0,-16,10,0,10
417,-2057134588,10,-16,16,20,16,0,-16,10,0,20
418,-2057134494,10,-16,16,20,16,0,-16,10,10,0
419,-2057134369,10,-16,16,20,16,0,-16,10,10,10
420,-2057134275,10,-16,16,20,16,0,-16,10,10,20
421,-2057134135,10,-16,16,20,16,0,-16,10,20,0
422,-2057134056,10,-16,16,20,16,0,-16,10,20,10
423,-2057133900,10,-16,16,20,16,0,-16,10,20,20
424,-2057133807,10,-16,16,20,16,0,-16,20,0,0
425,-2057133650,10,-16,16,20,16,0,-16,20,0,10
426,-2057133556,10,-16,16,20,16,0,-16,20,0,20
427,-2057133369,10,-16,16,20,16,0,-16,20,10,0
428,-2057133228,10,-16,16,20,16,0,-16,20,10,10
429,-2057133119,10,-16,16,20,16,0,-16,20,10,20
430,-2057133025,10,-16,16,20,16,0,-16,20,20,0
431,-2057132931,10,-16,16,20,16,0,-16,20,20,10
432,-2057132822,10,-16,16,20,16,0,-16,20,20,20
433,-2057132697,10,-16,16,20,16,10,-16,0,0,0
434,-2057132603,10,-16,16,20,16,10,-16,0,0,10
435,-2057132447,10,-16,16,20,16,10,-16,0,0,20
436,-2057132338,10,-16,16,20,16,10,-16,0,10,0
437,-2057132197,10,-16,16,20,16,10,-16,0,10,10
438,-2057132072,10,-16,16,20,16,10,-16,0,10,20
439,-2057132010,10,-16,16,20,16,10,-16,0,20,0
440,-2057131885,10,-16,16,20,16,10,-16,0,20,10
441,-2057131713,10,-16,16,20,16,10,-16,0,20,20
442,-2057131603,10,-16,16,20,16,10,-16,10,0,0
443,-2057131525,10,-16,16,20,16,10,-16,10,0,10
444,-2057131431,10,-16,16,20,16,10,-16,10,0,20
445,-2057131338,10,-16,16,20,16,10,-16,10,10,0
446,-2057131213,10,-16,16,20,16,10,-16,10,10,10
447,-2057131135,10,-16,16,20,16,10,-16,10,10,20
448,-2057131025,10,-16,16,20,16,10,-16,10,20,0
449,-2057130822,10,-16,16,20,16,10,-16,10,20,10
450,-2057130728,10,-16,16,20,16,10,-16,10,20,20
451,-2057130619,10,-16,16,20,16,10,-16,20,0,0
452,-2057130525,10,-16,16,20,16,10,-16,20,0,10
453,-2057130431,10,-16,16,20,16,10,-16,20,0,20
454,-2057130353,10,-16,16,20,16,10,-16,20,10,0
455,-2057130275,10,-16,16,20,16,10,-16,20,10,10
456,-2057130072,10,-16,16,20,16,10,-16,20,10,20
457,-2057129994,10,-16,16,20,16,10,-16,20,20,0
458,-2057129869,10,-16,16,20,16,10,-16,20,20,10
459,-2057129635,10,-16,16,20,16,10,-16,20,20,20
460,-2057129525,10,-16,16,20,16,20,-16,0,0,0
461,-2057129385,10,-16,16,20,16,20,-16,0,0,10
462,-2057129213,10,-16,16,20,16,20,-16,0,0,20
463,-2057129119,10,-16,16,20,16,20,-16,0,10,0
464,-2057128994,10,-16,16,20,16,20,-16,0,10,10
465,-2057128885,10,-16,16,20,16,20,-16,0,10,20
466,-2057128791,10,-16,16,20,16,20,-16,0,20,0
467,-2057128682,10,-16,16,20,16,20,-16,0,20,10
468,-2057128541,10,-16,16,20,16,20,-16,0,20,20
469,-2057128463,10,-16,16,20,16,20,-16,10,0,0
470,-2057128291,10,-16,16,20,16,20,-16,10,0,10
471,-2057128150,10,-16,16,20,16,20,-16,10,0,20
472,-2057128072,10,-16,16,20,16,20,-16,10,10,0
473,-2057127916,10,-16,16,20,16,20,-16,10,10,10
474,-2057127791,10,-16,16,20,16,20,-16,10,10,20
475,-2057127635,10,-16,16,20,16,20,-16,10,20,0
476,-2057127525,10,-16,16,20,16,20,-16,10,20,10
477,-2057127431,10,-16,16,20,16,20,-16,10,20,20
478,-2057127306,10,-16,16,20,16,20,-16,20,0,0
479,-2057127197,10,-16,16,20,16,20,-16,20,0,10
480,-2057127056,10,-16,16,20,16,20,-16,20,0,20
481,-2057126869,10,-16,16,20,16,20,-16,20,10,0
482,-2057126744,10,-16,16,20,16,20,-16,20,10,10
483,-2057126572,10,-16,16,20,16,20,-16,20,10,20
484,-2057126385,10,-16,16,20,16,20,-16,20,20,0
485,-2057126275,10,-16,16,20,16,20,-16,20,20,10
486,-2057126072,10,-16,16,20,16,20,-16,20,20,20
487,-2057125978,20,-16,16,0,16,0,-16,0,0,0
488,-2057125838,20,-16,16,0,16,0,-16,0,0,10
489,-2057125760,20,-16,16,0,16,0,-16,0,0,20
490,-2057125635,20,-16,16,0,16,0,-16,0,10,0
491,-2057125541,20,-16,16,0,16,0,-16,0,10,10
492,-2057125322,20,-16,16,0,16,0,-16,0,10,20
493,-2057125228,20,-16,16,0,16,0,-16,0,20,0
494,-2057125119,20,-16,16,0,16,0,-16,0,20,10
495,-2057125041,20,-16,16,0,16,0,-16,0,20,20
496,-2057124900,20,-16,16,0,16,0,-16,10,0,0
497,-2057124760,20,-16,16,0,16,0,-16,10,0,10
498,-2057124635,20,-16,16,0,16,0,-16,10,0,20
499,-2057124478,20,-16,16,0,16,0,-16,10,10,0
500,-2057124322,20,-16,16,0,16,0,-16,10,10,10
501,-2057124150,20,-16,16,0,16,0,-16,10,10,20
502,-2057124041,20,-16,16,0,16,0,-16,10,20,0
503,-2057123931,20,-16,16,0,16,0,-16,10,20,10
504,-2057123775,20,-16,16,0,16,0,-16,10,20,20
505,-2057123619,20,-16,16,0,16,0,-16,20,0,0
506,-2057123494,20,-16,16,0,16,0,-16,20,0,10
507,-2057123416,20,-16,16,0,16,0,-16,20,0,20
508,-2057123307,20,-16,16,0,16,0,-16,20,10,0
509,-2057123197,20,-16,16,0,16,0,-16,20,10,10
510,-2057123057,20,-16,16,0,16,0,-16,20,10,20
511,-2057122963,20,-16,16,0,16,0,-16,20,20,0
512,-2057122885,20,-16,16,0,16,0,-16,20,20,10
513,-2057122775,20,-16,16,0,16,0,-16,20,20,20
514,-2057122635,20,-16,16,0,16,10,-16,0,0,0
515,-2057122525,20,-16,16,0,16,10,-16,0,0,10
516,-2057122400,20,-16,16,0,16,10,-16,0,0,20
517,-2057122244,20,-16,16,0,16,10,-16,0,10,0
518,-2057122135,20,-16,16,0,16,10,-16,0,10,10
519,-2057122056,20,-16,16,0,16,10,-16,0,10,20
520,-2057121931,20,-16,16,0,16,10,-16,0,20,0
521,-2057121806,20,-16,16,0,16,10,-16,0,20,10
522,-2057121650,20,-16,16,0,16,10,-16,0,20,20
523,-2057121525,20,-16,16,0,16,10,-16,10,0,0
524,-2057121447,20,-16,16,0,16,10,-16,10,0,10
525,-2057121322,20,-16,16,0,16,10,-16,10,0,20
526,-2057121197,20,-16,16,0,16,10,-16,10,10,0
527,-2057121072,20,-16,16,0,16,10,-16,10,10,10
528,-2057120978,20,-16,16,0,16,10,-16,10,10,20
529,-2057120869,20,-16,16,0,16,10,-16,10,20,0
530,-2057120775,20,-16,16,0,16,10,-16,10,20,10
531,-2057120666,20,-16,16,0,16,10,-16,10,20,20
532,-2057120541,20,-16,16,0,16,10,-16,20,0,0
533,-2057120447,20,-16,16,0,16,10,-16,20,0,10
534,-2057120353,20,-16,16,0,16,10,-16,20,0,20
535,-2057120197,20,-16,16,0,16,10,-16,20,10,0
536,-2057120072,20,-16,16,0,16,10,-16,20,10,10
537,-2057119963,20,-16,16,0,16,10,-16,20,10,20
538,-2057119822,20,-16,16,0,16,10,-16,20,20,0
539,-2057119681,20,-16,16,0,16,10,-16,20,20,10
540,-2057119572,20,-16,16,0,16,10,-16,20,20,20
541,-2057119478,20,-16,16,0,16,20,-16,0,0,0
542,-2057119369,20,-16,16,0,16,20,-16,0,0,10
543,-2057119197,20,-16,16,0,16,20,-16,0,0,20
544,-2057119025,20,-16,16,0,16,20,-16,0,10,0
545,-2057118900,20,-16,16,0,16,20,-16,0,10,10
546,-2057118775,20,-16,16,0,16,20,-16,0,10,20
547,-2057118666,20,-16,16,0,16,20,-16,0,20,0
548,-2057118588,20,-16,16,0,16,20,-16,0,20,10
549,-2057118494,20,-16,16,0,16,20,-16,0,20,20
550,-2057118385,20,-16,16,0,16,20,-16,10,0,0
551,-2057118260,20,-16,16,0,16,20,-16,10,0,10
552,-2057118150,20,-16,16,0,16,20,-16,10,0,20
553,-2057118041,20,-16,16,0,16,20,-16,10,10,0
554,-2057117947,20,-16,16,0,16,20,-16,10,10,10
555,-2057117791,20,-16,16,0,16,20,-16,10,10,20
556,-2057117666,20,-16,16,0,16,20,-16,10,20,0
557,-2057117557,20,-16,16,0,16,20,-16,10,20,10
558,-2057117463,20,-16,16,0,16,20,-16,10,20,20
559,-2057117369,20,-16,16,0,16,20,-16,20,0,0
560,-2057117228,20,-16,16,0,16,20,-16,20,0,10
561,-2057117150,20,-16,16,0,16,20,-16,20,0,20
562,-2057117041,20,-16,16,0,16,20,-16,20,10,0
563,-2057116963,20,-16,16,0,16,20,-16,20,10,10
564,-2057116885,20,-16,16,0,16,20,-16,20,10,20
565,-2057116775,20,-16,16,0,16,20,-16,20,20,0
566,-2057116541,20,-16,16,0,16,20,-16,20,20,10
567,-2057116447,20,-16,16,0,16,20,-16,20,20,20
568,-2057116369,20,-16,16,10,16,0,-16,0,0,0
569,-2057116244,20,-16,16,10,16,0,-16,0,0,10
570,-2057116150,20,-16,16,10,16,0,-16,0,0,20
571,-2057116010,20,-16,16,10,16,0,-16,0,10,0
572,-2057115900,20,-16,16,10,16,0,-16,0,10,10
573,-2057115697,20,-16,16,10,16,0,-16,0,10,20
574,-2057115556,20,-16,16,10,16,0,-16,0,20,0
575,-2057115447,20,-16,16,10,16,0,-16,0,20,10
576,-2057115322,20,-16,16,10,16,0,-16,0,20,20
577,-2057115228,20,-16,16,10,16,0,-16,10,0,0
578,-2057115119,20,-16,16,10,16,0,-16,10,0,10
579,-2057115041,20,-16,16,10,16,0,-16,10,0,20
580,-2057114947,20,-16,16,10,16,0,-16,10,10,0
581,-2057114791,20,-16,16,10,16,0,-16,10,10,10
582,-2057114681,20,-16,16,10,16,0,-16,10,10,20
583,-2057114541,20,-16,16,10,16,0,-16,10,20,0
584,-2057114431,20,-16,16,10,16,0,-16,10,20,10
585,-2057114306,20,-16,16,10,16,0,-16,10,20,20
586,-2057114166,20,-16,16,10,16,0,-16,20,0,0
587,-2057114072,20,-16,16,10,16,0,-16,20,0,10
588,-2057113994,20,-16,16,10,16,0,-16,20,0,20
589,-2057113885,20,-16,16,10,16,0,-16,20,10,0
590,-2057113791,20,-16,16,10,16,0,-16,20,10,10
591,-2057113697,20,-16,16,10,16,0,-16,20,10,20
592,-2057113603,20,-16,16,10,16,0,-16,20,20,0
593,-2057113525,20,-16,16,10,16,0,-16,20,20,10
594,-2057113385,20,-16,16,10,16,0,-16,20,20,20
595,-2057113275,20,-16,16,10,16,10,-16,0,0,0
596,-2057113181,20,-16,16,10,16,10,-16,0,0,10
597,-2057113056,20,-16,16,10,16,10,-16,0,0,20
598,-2057112916,20,-16,16,10,16,10,-16,0,10,0
599,-2057112822,20,-16,16,10,16,10,-16,0,10,10
600,-2057112697,20,-16,16,10,16,10,-16,0,10,20
601,-2057112588,20,-16,16,10,16,10,-16,0,20,0
602,-2057112494,20,-16,16,10,16,10,-16,0,20,10
603,-2057112400,20,-16,16,10,16,10,-16,0,20,20
604,-2057112244,20,-16,16,10,16,10,-16,10,0,0
605,-2057112119,20,-16,16,10,16,10,-16,10,0,10
606,-2057112010,20,-16,16,10,16,10,-16,10,0,20
607,-2057111869,20,-16,16,10,16,10,-16,10,10,0
608,-2057111728,20,-16,16,10,16,10,-16,10,10,10
609,-2057111635,20,-16,16,10,16,10,-16,10,10,20
610,-2057111463,20,-16,16,10,16,10,-16,10,20,0
611,-2057111322,20,-16,16,10,16,10,-16,10,20,10
612,-2057111166,20,-16,16,10,16,10,-16,10,20,20
613,-2057111041,20,-16,16,10,16,10,-16,20,0,0
614,-2057110978,20,-16,16,10,16,10,-16,20,0,10
615,-2057110916,20,-16,16,10,16,10,-16,20,0,20
616,-2057110775,20,-16,16,10,16,10,-16,20,10,0
617,-2057110682,20,-16,16,10,16,10,-16,20,10,10
618,-2057110510,20,-16,16,10,16,10,-16,20,10,20
619,-2057110431,20,-16,16,10,16,10,-16,20,20,0
620,-2057110353,20,-16,16,10,16,10,-16,20,20,10
621,-2057110244,20,-16,16,10,16,10,-16,20,20,20
622,-2057110135,20,-16,16,10,16,20,-16,0,0,0
623,-2057110025,20,-16,16,10,16,20,-16,0,0,10
624,-2057109885,20,-16,16,10,16,20,-16,0,0,20
625,-2057109775,20,-16,16,10,16,20,-16,0,10,0
626,-2057109650,20,-16,16,10,16,20,-16,0,10,10
627,-2057109510,20,-16,16,10,16,20,-16,0,10,20
628,-2057109385,20,-16,16,10,16,20,-16,0,20,0
629,-2057109228,20,-16,16,10,16,20,-16,0,20,10
630,-2057109150,20,-16,16,10,16,20,-16,0,20,20
631,-2057109041,20,-16,16,10,16,20,-16,10,0,0
632,-2057108963,20,-16,16,10,16,20,-16,10,0,10
633,-2057108822,20,-16,16,10,16,20,-16,10,0,20
634,-2057108681,20,-16,16,10,16,20,-16,10,10,0
635,-2057108588,20,-16,16,10,16,20,-16,10,10,10
636,-2057108478,20,-16,16,10,16,20,-16,10,10,20
637,-2057108385,20,-16,16,10,16,20,-16,10,20,0
638,-2057108197,20,-16,16,10,16,20,-16,10,20,10
639,-2057108072,20,-16,16,10,16,20,-16,10,20,20
640,-2057107963,20,-16,16,10,16,20,-16,20,0,0
641,-2057107838,20,-16,16,10,16,20,-16,20,0,10
642,-2057107760,20,-16,16,10,16,20,-16,20,0,20
643,-2057107666,20,-16,16,10,16,20,-16,20,10,0
644,-2057107541,20,-16,16,10,16,20,-16,20,10,10
645,-2057107400,20,-16,16,10,16,20,-16,20,10,20
646,-2057107260,20,-16,16,10,16,20,-16,20,20,0
647,-2057107150,20,-16,16,10,16,20,-16,20,20,10
648,-2057107025,20,-16,16,10,16,20,-16,20,20,20
649,-2057106916,20,-16,16,20,16,0,-16,0,0,0
650,-2057106853,20,-16,16,20,16,0,-16,0,0,10
651,-2057106744,20,-16,16,20,16,0,-16,0,0,20
652,-2057106635,20,-16,16,20,16,0,-16,0,10,0
653,-2057106478,20,-16,16,20,16,0,-16,0,10,10
654,-2057106338,20,-16,16,20,16,0,-16,0,10,20
655,-2057106197,20,-16,16,20,16,0,-16,0,20,0
656,-2057106119,20,-16,16,20,16,0,-16,0,20,10
657,-2057105994,20,-16,16,20,16,0,-16,0,20,20
658,-2057105900,20,-16,16,20,16,0,-16,10,0,0
659,-2057105760,20,-16,16,20,16,0,-16,10,0,10
660,-2057105666,20,-16,16,20,16,0,-16,10,0,20
661,-2057105541,20,-16,16,20,16,0,-16,10,10,0
662,-2057105416,20,-16,16,20,16,0,-16,10,10,10
663,-2057105260,20,-16,16,20,16,0,-16,10,10,20
664,-2057105103,20,-16,16,20,16,0,-16,10,20,0
665,-2057105025,20,-16,16,20,16,0,-16,10,20,10
666,-2057104963,20,-16,16,20,16,0,-16,10,20,20
667,-2057104869,20,-16,16,20,16,0,-16,20,0,0
668,-2057104775,20,-16,16,20,16,0,-16,20,0,10
669,-2057104681,20,-16,16,20,16,0,-16,20,0,20
670,-2057104541,20,-16,16,20,16,0,-16,20,10,0
671,-2057104416,20,-16,16,20,16,0,-16,20,10,10
672,-2057104260,20,-16,16,20,16,0,-16,20,10,20
673,-2057104166,20,-16,16,20,16,0,-16,20,20,0
674,-2057104072,20,-16,16,20,16,0,-16,20,20,10
675,-2057104010,20,-16,16,20,16,0,-16,20,20,20
676,-2057103900,20,-16,16,20,16,10,-16,0,0,0
677,-2057103791,20,-16,16,20,16,10,-16,0,0,10
678,-2057103697,20,-16,16,20,16,10,-16,0,0,20
679,-2057103510,20,-16,16,20,16,10,-16,0,10,0
680,-2057103385,20,-16,16,20,16,10,-16,0,10,10
681,-2057103244,20,-16,16,20,16,10,-16,0,10,20
682,-2057103150,20,-16,16,20,16,10,-16,0,20,0
683,-2057102994,20,-16,16,20,16,10,-16,0,20,10
684,-2057102932,20,-16,16,20,16,10,-16,0,20,20
685,-2057102822,20,-16,16,20,16,10,-16,10,0,0
686,-2057102744,20,-16,16,20,16,10,-16,10,0,10
687,-2057102635,20,-16,16,20,16,10,-16,10,0,20
688,-2057102478,20,-16,16,20,16,10,-16,10,10,0
689,-2057102385,20,-16,16,20,16,10,-16,10,10,10
690,-2057102260,20,-16,16,20,16,10,-16,10,10,20
691,-2057102166,20,-16,16,20,16,10,-16,10,20,0
692,-2057102025,20,-16,16,20,16,10,-16,10,20,10
693,-2057101900,20,-16,16,20,16,10,-16,10,20,20
694,-2057101807,20,-16,16,20,16,10,-16,20,0,0
695,-2057101697,20,-16,16,20,16,10,-16,20,0,10
696,-2057101572,20,-16,16,20,16,10,-16,20,0,20
697,-2057101385,20,-16,16,20,16,10,-16,20,10,0
698,-2057101228,20,-16,16,20,16,10,-16,20,10,10
699,-2057101119,20,-16,16,20,16,10,-16,20,10,20
700,-2057100963,20,-16,16,20,16,10,-16,20,20,0
701,-2057100853,20,-16,16,20,16,10,-16,20,20,10
702,-2057100760,20,-16,16,20,16,10,-16,20,20,20
703,-2057100650,20,-16,16,20,16,20,-16,0,0,0
704,-2057100572,20,-16,16,20,16,20,-16,0,0,10
705,-2057100463,20,-16,16,20,16,20,-16,0,0,20
706,-2057100353,20,-16,16,20,16,20,-16,0,10,0
707,-2057100244,20,-16,16,20,16,20,-16,0,10,10
708,-2057100135,20,-16,16,20,16,20,-16,0,10,20
709,-2057100025,20,-16,16,20,16,20,-16,0,20,0
710,-2057099932,20,-16,16,20,16,20,-16,0,20,10
711,-2057099838,20,-16,16,20,16,20,-16,0,20,20
712,-2057099666,20,-16,16,20,16,20,-16,10,0,0
713,-2057099588,20,-16,16,20,16,20,-16,10,0,10
714,-2057099494,20,-16,16,20,16,20,-16,10,0,20
715,-2057099431,20,-16,16,20,16,20,-16,10,10,0
716,-2057099291,20,-16,16,20,16,20,-16,10,10,10
717,-2057099150,20,-16,16,20,16,20,-16,10,10,20
718,-2057099041,20,-16,16,20,16,20,-16,10,20,0
719,-2057098978,20,-16,16,20,16,20,-16,10,20,10
720,-2057098822,20,-16,16,20,16,20,-16,10,20,20
721,-2057098666,20,-16,16,20,16,20,-16,20,0,0
722,-2057098541,20,-16,16,20,16,20,-16,20,0,10
723,-2057098416,20,-16,16,20,16,20,-16,20,0,20
724,-2057098260,20,-16,16,20,16,20,-16,20,10,0
725,-2057098166,20,-16,16,20,16,20,-16,20,10,10
726,-2057098056,20,-16,16,20,16,20,-16,20,10,20
727,-2057097900,20,-16,16,20,16,20,-16,20,20,0
728,-2057097822,20,-16,16,20,16,20,-16,20,20,10
729,-2057097713,20,-16,16,20,16,20,-16,20,20,20
