"run","randomSeed","numTanksBlue","default_observer_minPycor","default_observer_maxPycor","numSoldierBlue","default_observer_maxPxcor","numRidersBlue","default_observer_minPxcor","numTanksRed","numRidersRed","numSoldierRed"
1,-2054119634,0,-16,16,0,16,0,-16,0,0,0
2,-2054118134,0,-16,16,0,16,0,-16,0,0,10
3,-2054117540,0,-16,16,0,16,0,-16,0,0,20
4,-2054116978,0,-16,16,0,16,0,-16,0,10,0
5,-2054116681,0,-16,16,0,16,0,-16,0,10,10
6,-2054116525,0,-16,16,0,16,0,-16,0,10,20
7,-2054116243,0,-16,16,0,16,0,-16,0,20,0
8,-2054116072,0,-16,16,0,16,0,-16,0,20,10
9,-2054115837,0,-16,16,0,16,0,-16,0,20,20
10,-2054115665,0,-16,16,0,16,0,-16,10,0,0
11,-2054115337,0,-16,16,0,16,0,-16,10,0,10
12,-2054115103,0,-16,16,0,16,0,-16,10,0,20
13,-2054114915,0,-16,16,0,16,0,-16,10,10,0
14,-2054114681,0,-16,16,0,16,0,-16,10,10,10
15,-2054114337,0,-16,16,0,16,0,-16,10,10,20
16,-2054114150,0,-16,16,0,16,0,-16,10,20,0
17,-2054113994,0,-16,16,0,16,0,-16,10,20,10
18,-2054113853,0,-16,16,0,16,0,-16,10,20,20
19,-2054113728,0,-16,16,0,16,0,-16,20,0,0
20,-2054113603,0,-16,16,0,16,0,-16,20,0,10
21,-2054113447,0,-16,16,0,16,0,-16,20,0,20
22,-2054113275,0,-16,16,0,16,0,-16,20,10,0
23,-2054113087,0,-16,16,0,16,0,-16,20,10,10
24,-2054112931,0,-16,16,0,16,0,-16,20,10,20
25,-2054112790,0,-16,16,0,16,0,-16,20,20,0
26,-2054112618,0,-16,16,0,16,0,-16,20,20,10
27,-2054112415,0,-16,16,0,16,0,-16,20,20,20
28,-2054112243,0,-16,16,0,16,10,-16,0,0,0
29,-2054112150,0,-16,16,0,16,10,-16,0,0,10
30,-2054111962,0,-16,16,0,16,10,-16,0,0,20
31,-2054111728,0,-16,16,0,16,10,-16,0,10,0
32,-2054111525,0,-16,16,0,16,10,-16,0,10,10
33,-2054111415,0,-16,16,0,16,10,-16,0,10,20
34,-2054111197,0,-16,16,0,16,10,-16,0,20,0
35,-2054111040,0,-16,16,0,16,10,-16,0,20,10
36,-2054110837,0,-16,16,0,16,10,-16,0,20,20
37,-2054110681,0,-16,16,0,16,10,-16,10,0,0
38,-2054110478,0,-16,16,0,16,10,-16,10,0,10
39,-2054110181,0,-16,16,0,16,10,-16,10,0,20
40,-2054110056,0,-16,16,0,16,10,-16,10,10,0
41,-2054109837,0,-16,16,0,16,10,-16,10,10,10
42,-2054109618,0,-16,16,0,16,10,-16,10,10,20
43,-2054109478,0,-16,16,0,16,10,-16,10,20,0
44,-2054109228,0,-16,16,0,16,10,-16,10,20,10
45,-2054109087,0,-16,16,0,16,10,-16,10,20,20
46,-2054108993,0,-16,16,0,16,10,-16,20,0,0
47,-2054108853,0,-16,16,0,16,10,-16,20,0,10
48,-2054108712,0,-16,16,0,16,10,-16,20,0,20
49,-2054108603,0,-16,16,0,16,10,-16,20,10,0
50,-2054108509,0,-16,16,0,16,10,-16,20,10,10
51,-2054108322,0,-16,16,0,16,10,-16,20,10,20
52,-2054108228,0,-16,16,0,16,10,-16,20,20,0
53,-2054108103,0,-16,16,0,16,10,-16,20,20,10
54,-2054107931,0,-16,16,0,16,10,-16,20,20,20
55,-2054107822,0,-16,16,0,16,20,-16,0,0,0
56,-2054107728,0,-16,16,0,16,20,-16,0,0,10
57,-2054107509,0,-16,16,0,16,20,-16,0,0,20
58,-2054107337,0,-16,16,0,16,20,-16,0,10,0
59,-2054107181,0,-16,16,0,16,20,-16,0,10,10
60,-2054106915,0,-16,16,0,16,20,-16,0,10,20
61,-2054106759,0,-16,16,0,16,20,-16,0,20,0
62,-2054106587,0,-16,16,0,16,20,-16,0,20,10
63,-2054106447,0,-16,16,0,16,20,-16,0,20,20
64,-2054106322,0,-16,16,0,16,20,-16,10,0,0
65,-2054106181,0,-16,16,0,16,20,-16,10,0,10
66,-2054105978,0,-16,16,0,16,20,-16,10,0,20
67,-2054105837,0,-16,16,0,16,20,-16,10,10,0
68,-2054105743,0,-16,16,0,16,20,-16,10,10,10
69,-2054105650,0,-16,16,0,16,20,-16,10,10,20
70,-2054105462,0,-16,16,0,16,20,-16,10,20,0
71,-2054105369,0,-16,16,0,16,20,-16,10,20,10
72,-2054105197,0,-16,16,0,16,20,-16,10,20,20
73,-2054105087,0,-16,16,0,16,20,-16,20,0,0
74,-2054104947,0,-16,16,0,16,20,-16,20,0,10
75,-2054104822,0,-16,16,0,16,20,-16,20,0,20
76,-2054104618,0,-16,16,0,16,20,-16,20,10,0
77,-2054104525,0,-16,16,0,16,20,-16,20,10,10
78,-2054104306,0,-16,16,0,16,20,-16,20,10,20
79,-2054104197,0,-16,16,0,16,20,-16,20,20,0
80,-2054104087,0,-16,16,0,16,20,-16,20,20,10
81,-2054104009,0,-16,16,0,16,20,-16,20,20,20
82,-2054103915,0,-16,16,10,16,0,-16,0,0,0
83,-2054103790,0,-16,16,10,16,0,-16,0,0,10
84,-2054103650,0,-16,16,10,16,0,-16,0,0,20
85,-2054103322,0,-16,16,10,16,0,-16,0,10,0
86,-2054103150,0,-16,16,10,16,0,-16,0,10,10
87,-2054103040,0,-16,16,10,16,0,-16,0,10,20
88,-2054102884,0,-16,16,10,16,0,-16,0,20,0
89,-2054102775,0,-16,16,10,16,0,-16,0,20,10
90,-2054102697,0,-16,16,10,16,0,-16,0,20,20
91,-2054102478,0,-16,16,10,16,0,-16,10,0,0
92,-2054102337,0,-16,16,10,16,0,-16,10,0,10
93,-2054102243,0,-16,16,10,16,0,-16,10,0,20
94,-2054102165,0,-16,16,10,16,0,-16,10,10,0
95,-2054102056,0,-16,16,10,16,0,-16,10,10,10
96,-2054101900,0,-16,16,10,16,0,-16,10,10,20
97,-2054101759,0,-16,16,10,16,0,-16,10,20,0
98,-2054101650,0,-16,16,10,16,0,-16,10,20,10
99,-2054101493,0,-16,16,10,16,0,-16,10,20,20
100,-2054101431,0,-16,16,10,16,0,-16,20,0,0
101,-2054101290,0,-16,16,10,16,0,-16,20,0,10
102,-2054101056,0,-16,16,10,16,0,-16,20,0,20
103,-2054100837,0,-16,16,10,16,0,-16,20,10,0
104,-2054100665,0,-16,16,10,16,0,-16,20,10,10
105,-2054100556,0,-16,16,10,16,0,-16,20,10,20
106,-2054100415,0,-16,16,10,16,0,-16,20,20,0
107,-2054100228,0,-16,16,10,16,0,-16,20,20,10
108,-2054100087,0,-16,16,10,16,0,-16,20,20,20
109,-2054099868,0,-16,16,10,16,10,-16,0,0,0
110,-2054099665,0,-16,16,10,16,10,-16,0,0,10
111,-2054099478,0,-16,16,10,16,10,-16,0,0,20
112,-2054099290,0,-16,16,10,16,10,-16,0,10,0
113,-2054099134,0,-16,16,10,16,10,-16,0,10,10
114,-2054099056,0,-16,16,10,16,10,-16,0,10,20
115,-2054098931,0,-16,16,10,16,10,-16,0,20,0
116,-2054098759,0,-16,16,10,16,10,-16,0,20,10
117,-2054098650,0,-16,16,10,16,10,-16,0,20,20
118,-2054098572,0,-16,16,10,16,10,-16,10,0,0
119,-2054098415,0,-16,16,10,16,10,-16,10,0,10
120,-2054098197,0,-16,16,10,16,10,-16,10,0,20
121,-2054098118,0,-16,16,10,16,10,-16,10,10,0
122,-2054098009,0,-16,16,10,16,10,-16,10,10,10
123,-2054097822,0,-16,16,10,16,10,-16,10,10,20
124,-2054097634,0,-16,16,10,16,10,-16,10,20,0
125,-2054097478,0,-16,16,10,16,10,-16,10,20,10
126,-2054097275,0,-16,16,10,16,10,-16,10,20,20
127,-2054097087,0,-16,16,10,16,10,-16,20,0,0
128,-2054096947,0,-16,16,10,16,10,-16,20,0,10
129,-2054096759,0,-16,16,10,16,10,-16,20,0,20
130,-2054096603,0,-16,16,10,16,10,-16,20,10,0
131,-2054096353,0,-16,16,10,16,10,-16,20,10,10
132,-2054096243,0,-16,16,10,16,10,-16,20,10,20
133,-2054096087,0,-16,16,10,16,10,-16,20,20,0
134,-2054095931,0,-16,16,10,16,10,-16,20,20,10
135,-2054095775,0,-16,16,10,16,10,-16,20,20,20
136,-2054095618,0,-16,16,10,16,20,-16,0,0,0
137,-2054095369,0,-16,16,10,16,20,-16,0,0,10
138,-2054095212,0,-16,16,10,16,20,-16,0,0,20
139,-2054095072,0,-16,16,10,16,20,-16,0,10,0
140,-2054094915,0,-16,16,10,16,20,-16,0,10,10
141,-2054094681,0,-16,16,10,16,20,-16,0,10,20
142,-2054094556,0,-16,16,10,16,20,-16,0,20,0
143,-2054094400,0,-16,16,10,16,20,-16,0,20,10
144,-2054094259,0,-16,16,10,16,20,-16,0,20,20
145,-2054094150,0,-16,16,10,16,20,-16,10,0,0
146,-2054093962,0,-16,16,10,16,20,-16,10,0,10
147,-2054093837,0,-16,16,10,16,20,-16,10,0,20
148,-2054093712,0,-16,16,10,16,20,-16,10,10,0
149,-2054093603,0,-16,16,10,16,20,-16,10,10,10
150,-2054093509,0,-16,16,10,16,20,-16,10,10,20
151,-2054093415,0,-16,16,10,16,20,-16,10,20,0
152,-2054093259,0,-16,16,10,16,20,-16,10,20,10
153,-2054093040,0,-16,16,10,16,20,-16,10,20,20
154,-2054092962,0,-16,16,10,16,20,-16,20,0,0
155,-2054092822,0,-16,16,10,16,20,-16,20,0,10
156,-2054092712,0,-16,16,10,16,20,-16,20,0,20
157,-2054092634,0,-16,16,10,16,20,-16,20,10,0
158,-2054092509,0,-16,16,10,16,20,-16,20,10,10
159,-2054092353,0,-16,16,10,16,20,-16,20,10,20
160,-2054092243,0,-16,16,10,16,20,-16,20,20,0
161,-2054092134,0,-16,16,10,16,20,-16,20,20,10
162,-2054091962,0,-16,16,10,16,20,-16,20,20,20
163,-2054091853,0,-16,16,20,16,0,-16,0,0,0
164,-2054091728,0,-16,16,20,16,0,-16,0,0,10
165,-2054091665,0,-16,16,20,16,0,-16,0,0,20
166,-2054091509,0,-16,16,20,16,0,-16,0,10,0
167,-2054091415,0,-16,16,20,16,0,-16,0,10,10
168,-2054091290,0,-16,16,20,16,0,-16,0,10,20
169,-2054091197,0,-16,16,20,16,0,-16,0,20,0
170,-2054091025,0,-16,16,20,16,0,-16,0,20,10
171,-2054090900,0,-16,16,20,16,0,-16,0,20,20
172,-2054090775,0,-16,16,20,16,0,-16,10,0,0
173,-2054090587,0,-16,16,20,16,0,-16,10,0,10
174,-2054090353,0,-16,16,20,16,0,-16,10,0,20
175,-2054090118,0,-16,16,20,16,0,-16,10,10,0
176,-2054089962,0,-16,16,20,16,0,-16,10,10,10
177,-2054089853,0,-16,16,20,16,0,-16,10,10,20
178,-2054089681,0,-16,16,20,16,0,-16,10,20,0
179,-2054089493,0,-16,16,20,16,0,-16,10,20,10
180,-2054089368,0,-16,16,20,16,0,-16,10,20,20
181,-2054089259,0,-16,16,20,16,0,-16,20,0,0
182,-2054088978,0,-16,16,20,16,0,-16,20,0,10
183,-2054088697,0,-16,16,20,16,0,-16,20,0,20
184,-2054088572,0,-16,16,20,16,0,-16,20,10,0
185,-2054088446,0,-16,16,20,16,0,-16,20,10,10
186,-2054088353,0,-16,16,20,16,0,-16,20,10,20
187,-2054088134,0,-16,16,20,16,0,-16,20,20,0
188,-2054087962,0,-16,16,20,16,0,-16,20,20,10
189,-2054087728,0,-16,16,20,16,0,-16,20,20,20
190,-2054087572,0,-16,16,20,16,10,-16,0,0,0
191,-2054087415,0,-16,16,20,16,10,-16,0,0,10
192,-2054087243,0,-16,16,20,16,10,-16,0,0,20
193,-2054087118,0,-16,16,20,16,10,-16,0,10,0
194,-2054087009,0,-16,16,20,16,10,-16,0,10,10
195,-2054086837,0,-16,16,20,16,10,-16,0,10,20
196,-2054086712,0,-16,16,20,16,10,-16,0,20,0
197,-2054086603,0,-16,16,20,16,10,-16,0,20,10
198,-2054086509,0,-16,16,20,16,10,-16,0,20,20
199,-2054086306,0,-16,16,20,16,10,-16,10,0,0
200,-2054086212,0,-16,16,20,16,10,-16,10,0,10
201,-2054086009,0,-16,16,20,16,10,-16,10,0,20
202,-2054085759,0,-16,16,20,16,10,-16,10,10,0
203,-2054085634,0,-16,16,20,16,10,-16,10,10,10
204,-2054085556,0,-16,16,20,16,10,-16,10,10,20
205,-2054085431,0,-16,16,20,16,10,-16,10,20,0
206,-2054085259,0,-16,16,20,16,10,-16,10,20,10
207,-2054085119,0,-16,16,20,16,10,-16,10,20,20
208,-2054084900,0,-16,16,20,16,10,-16,20,0,0
209,-2054084775,0,-16,16,20,16,10,-16,20,0,10
210,-2054084618,0,-16,16,20,16,10,-16,20,0,20
211,-2054084478,0,-16,16,20,16,10,-16,20,10,0
212,-2054084384,0,-16,16,20,16,10,-16,20,10,10
213,-2054084275,0,-16,16,20,16,10,-16,20,10,20
214,-2054084087,0,-16,16,20,16,10,-16,20,20,0
215,-2054083962,0,-16,16,20,16,10,-16,20,20,10
216,-2054083822,0,-16,16,20,16,10,-16,20,20,20
217,-2054083697,0,-16,16,20,16,20,-16,0,0,0
218,-2054083556,0,-16,16,20,16,20,-16,0,0,10
219,-2054083415,0,-16,16,20,16,20,-16,0,0,20
220,-2054083243,0,-16,16,20,16,20,-16,0,10,0
221,-2054083165,0,-16,16,20,16,20,-16,0,10,10
222,-2054083072,0,-16,16,20,16,20,-16,0,10,20
223,-2054082884,0,-16,16,20,16,20,-16,0,20,0
224,-2054082743,0,-16,16,20,16,20,-16,0,20,10
225,-2054082603,0,-16,16,20,16,20,-16,0,20,20
226,-2054082509,0,-16,16,20,16,20,-16,10,0,0
227,-2054082400,0,-16,16,20,16,20,-16,10,0,10
228,-2054082322,0,-16,16,20,16,20,-16,10,0,20
229,-2054082228,0,-16,16,20,16,20,-16,10,10,0
230,-2054082119,0,-16,16,20,16,20,-16,10,10,10
231,-2054081994,0,-16,16,20,16,20,-16,10,10,20
232,-2054081837,0,-16,16,20,16,20,-16,10,20,0
233,-2054081743,0,-16,16,20,16,20,-16,10,20,10
234,-2054081619,0,-16,16,20,16,20,-16,10,20,20
235,-2054081447,0,-16,16,20,16,20,-16,20,0,0
236,-2054081290,0,-16,16,20,16,20,-16,20,0,10
237,-2054081087,0,-16,16,20,16,20,-16,20,0,20
238,-2054081009,0,-16,16,20,16,20,-16,20,10,0
239,-2054080915,0,-16,16,20,16,20,-16,20,10,10
240,-2054080837,0,-16,16,20,16,20,-16,20,10,20
241,-2054080665,0,-16,16,20,16,20,-16,20,20,0
242,-2054080493,0,-16,16,20,16,20,-16,20,20,10
243,-2054080384,0,-16,16,20,16,20,-16,20,20,20
244,-2054080197,10,-16,16,0,16,0,-16,0,0,0
245,-2054080103,10,-16,16,0,16,0,-16,0,0,10
246,-2054079993,10,-16,16,0,16,0,-16,0,0,20
247,-2054079806,10,-16,16,0,16,0,-16,0,10,0
248,-2054079712,10,-16,16,0,16,0,-16,0,10,10
249,-2054079587,10,-16,16,0,16,0,-16,0,10,20
250,-2054079462,10,-16,16,0,16,0,-16,0,20,0
251,-2054079290,10,-16,16,0,16,0,-16,0,20,10
252,-2054079103,10,-16,16,0,16,0,-16,0,20,20
253,-2054078915,10,-16,16,0,16,0,-16,10,0,0
254,-2054078759,10,-16,16,0,16,0,-16,10,0,10
255,-2054078634,10,-16,16,0,16,0,-16,10,0,20
256,-2054078540,10,-16,16,0,16,0,-16,10,10,0
257,-2054078447,10,-16,16,0,16,0,-16,10,10,10
258,-2054078306,10,-16,16,0,16,0,-16,10,10,20
259,-2054078150,10,-16,16,0,16,0,-16,10,20,0
260,-2054078056,10,-16,16,0,16,0,-16,10,20,10
261,-2054077884,10,-16,16,0,16,0,-16,10,20,20
262,-2054077728,10,-16,16,0,16,0,-16,20,0,0
263,-2054077634,10,-16,16,0,16,0,-16,20,0,10
264,-2054077494,10,-16,16,0,16,0,-16,20,0,20
265,-2054077400,10,-16,16,0,16,0,-16,20,10,0
266,-2054077259,10,-16,16,0,16,0,-16,20,10,10
267,-2054077072,10,-16,16,0,16,0,-16,20,10,20
268,-2054076962,10,-16,16,0,16,0,-16,20,20,0
269,-2054076868,10,-16,16,0,16,0,-16,20,20,10
270,-2054076681,10,-16,16,0,16,0,-16,20,20,20
271,-2054076525,10,-16,16,0,16,10,-16,0,0,0
272,-2054076447,10,-16,16,0,16,10,-16,0,0,10
273,-2054076322,10,-16,16,0,16,10,-16,0,0,20
274,-2054076212,10,-16,16,0,16,10,-16,0,10,0
275,-2054076087,10,-16,16,0,16,10,-16,0,10,10
276,-2054075915,10,-16,16,0,16,10,-16,0,10,20
277,-2054075743,10,-16,16,0,16,10,-16,0,20,0
278,-2054075634,10,-16,16,0,16,10,-16,0,20,10
279,-2054075509,10,-16,16,0,16,10,-16,0,20,20
280,-2054075322,10,-16,16,0,16,10,-16,10,0,0
281,-2054075118,10,-16,16,0,16,10,-16,10,0,10
282,-2054074962,10,-16,16,0,16,10,-16,10,0,20
283,-2054074806,10,-16,16,0,16,10,-16,10,10,0
284,-2054074697,10,-16,16,0,16,10,-16,10,10,10
285,-2054074494,10,-16,16,0,16,10,-16,10,10,20
286,-2054074353,10,-16,16,0,16,10,-16,10,20,0
287,-2054074259,10,-16,16,0,16,10,-16,10,20,10
288,-2054074150,10,-16,16,0,16,10,-16,10,20,20
289,-2054074025,10,-16,16,0,16,10,-16,20,0,0
290,-2054073900,10,-16,16,0,16,10,-16,20,0,10
291,-2054073759,10,-16,16,0,16,10,-16,20,0,20
292,-2054073650,10,-16,16,0,16,10,-16,20,10,0
293,-2054073509,10,-16,16,0,16,10,-16,20,10,10
294,-2054073368,10,-16,16,0,16,10,-16,20,10,20
295,-2054073259,10,-16,16,0,16,10,-16,20,20,0
296,-2054073134,10,-16,16,0,16,10,-16,20,20,10
297,-2054072931,10,-16,16,0,16,10,-16,20,20,20
298,-2054072822,10,-16,16,0,16,20,-16,0,0,0
299,-2054072697,10,-16,16,0,16,20,-16,0,0,10
300,-2054072587,10,-16,16,0,16,20,-16,0,0,20
301,-2054072478,10,-16,16,0,16,20,-16,0,10,0
302,-2054072353,10,-16,16,0,16,20,-16,0,10,10
303,-2054072259,10,-16,16,0,16,20,-16,0,10,20
304,-2054072087,10,-16,16,0,16,20,-16,0,20,0
305,-2054071900,10,-16,16,0,16,20,-16,0,20,10
306,-2054071775,10,-16,16,0,16,20,-16,0,20,20
307,-2054071587,10,-16,16,0,16,20,-16,10,0,0
308,-2054071525,10,-16,16,0,16,20,-16,10,0,10
309,-2054071400,10,-16,16,0,16,20,-16,10,0,20
310,-2054071322,10,-16,16,0,16,20,-16,10,10,0
311,-2054071212,10,-16,16,0,16,20,-16,10,10,10
312,-2054071134,10,-16,16,0,16,20,-16,10,10,20
313,-2054071009,10,-16,16,0,16,20,-16,10,20,0
314,-2054070884,10,-16,16,0,16,20,-16,10,20,10
315,-2054070728,10,-16,16,0,16,20,-16,10,20,20
316,-2054070540,10,-16,16,0,16,20,-16,20,0,0
317,-2054070415,10,-16,16,0,16,20,-16,20,0,10
318,-2054070259,10,-16,16,0,16,20,-16,20,0,20
319,-2054070072,10,-16,16,0,16,20,-16,20,10,0
320,-2054069947,10,-16,16,0,16,20,-16,20,10,10
321,-2054069806,10,-16,16,0,16,20,-16,20,10,20
322,-2054069587,10,-16,16,0,16,20,-16,20,20,0
323,-2054069462,10,-16,16,0,16,20,-16,20,20,10
324,-2054069353,10,-16,16,0,16,20,-16,20,20,20
325,-2054069165,10,-16,16,10,16,0,-16,0,0,0
326,-2054069025,10,-16,16,10,16,0,-16,0,0,10
327,-2054068947,10,-16,16,10,16,0,-16,0,0,20
328,-2054068822,10,-16,16,10,16,0,-16,0,10,0
329,-2054068728,10,-16,16,10,16,0,-16,0,10,10
330,-2054068509,10,-16,16,10,16,0,-16,0,10,20
331,-2054068400,10,-16,16,10,16,0,-16,0,20,0
332,-2054068228,10,-16,16,10,16,0,-16,0,20,10
333,-2054068056,10,-16,16,10,16,0,-16,0,20,20
334,-2054067900,10,-16,16,10,16,0,-16,10,0,0
335,-2054067775,10,-16,16,10,16,0,-16,10,0,10
336,-2054067634,10,-16,16,10,16,0,-16,10,0,20
337,-2054067478,10,-16,16,10,16,0,-16,10,10,0
338,-2054067400,10,-16,16,10,16,0,-16,10,10,10
339,-2054067275,10,-16,16,10,16,0,-16,10,10,20
340,-2054067165,10,-16,16,10,16,0,-16,10,20,0
341,-2054067056,10,-16,16,10,16,0,-16,10,20,10
342,-2054066931,10,-16,16,10,16,0,-16,10,20,20
343,-2054066869,10,-16,16,10,16,0,-16,20,0,0
344,-2054066728,10,-16,16,10,16,0,-16,20,0,10
345,-2054066572,10,-16,16,10,16,0,-16,20,0,20
346,-2054066431,10,-16,16,10,16,0,-16,20,10,0
347,-2054066259,10,-16,16,10,16,0,-16,20,10,10
348,-2054066103,10,-16,16,10,16,0,-16,20,10,20
349,-2054065978,10,-16,16,10,16,0,-16,20,20,0
350,-2054065868,10,-16,16,10,16,0,-16,20,20,10
351,-2054065728,10,-16,16,10,16,0,-16,20,20,20
352,-2054065603,10,-16,16,10,16,10,-16,0,0,0
353,-2054065509,10,-16,16,10,16,10,-16,0,0,10
354,-2054065400,10,-16,16,10,16,10,-16,0,0,20
355,-2054065306,10,-16,16,10,16,10,-16,0,10,0
356,-2054065228,10,-16,16,10,16,10,-16,0,10,10
357,-2054065118,10,-16,16,10,16,10,-16,0,10,20
358,-2054064994,10,-16,16,10,16,10,-16,0,20,0
359,-2054064900,10,-16,16,10,16,10,-16,0,20,10
360,-2054064822,10,-16,16,10,16,10,-16,0,20,20
361,-2054064650,10,-16,16,10,16,10,-16,10,0,0
362,-2054064525,10,-16,16,10,16,10,-16,10,0,10
363,-2054064384,10,-16,16,10,16,10,-16,10,0,20
364,-2054064181,10,-16,16,10,16,10,-16,10,10,0
365,-2054064072,10,-16,16,10,16,10,-16,10,10,10
366,-2054063931,10,-16,16,10,16,10,-16,10,10,20
367,-2054063806,10,-16,16,10,16,10,-16,10,20,0
368,-2054063681,10,-16,16,10,16,10,-16,10,20,10
369,-2054063540,10,-16,16,10,16,10,-16,10,20,20
370,-2054063447,10,-16,16,10,16,10,-16,20,0,0
371,-2054063290,10,-16,16,10,16,10,-16,20,0,10
372,-2054063165,10,-16,16,10,16,10,-16,20,0,20
373,-2054063009,10,-16,16,10,16,10,-16,20,10,0
374,-2054062884,10,-16,16,10,16,10,-16,20,10,10
375,-2054062728,10,-16,16,10,16,10,-16,20,10,20
376,-2054062540,10,-16,16,10,16,10,-16,20,20,0
377,-2054062368,10,-16,16,10,16,10,-16,20,20,10
378,-2054062290,10,-16,16,10,16,10,-16,20,20,20
379,-2054062228,10,-16,16,10,16,20,-16,0,0,0
380,-2054062056,10,-16,16,10,16,20,-16,0,0,10
381,-2054061947,10,-16,16,10,16,20,-16,0,0,20
382,-2054061806,10,-16,16,10,16,20,-16,0,10,0
383,-2054061572,10,-16,16,10,16,20,-16,0,10,10
384,-2054061447,10,-16,16,10,16,20,-16,0,10,20
385,-2054061243,10,-16,16,10,16,20,-16,0,20,0
386,-2054061087,10,-16,16,10,16,20,-16,0,20,10
387,-2054060962,10,-16,16,10,16,20,-16,0,20,20
388,-2054060853,10,-16,16,10,16,20,-16,10,0,0
389,-2054060697,10,-16,16,10,16,20,-16,10,0,10
390,-2054060587,10,-16,16,10,16,20,-16,10,0,20
391,-2054060462,10,-16,16,10,16,20,-16,10,10,0
392,-2054060337,10,-16,16,10,16,20,-16,10,10,10
393,-2054060212,10,-16,16,10,16,20,-16,10,10,20
394,-2054060056,10,-16,16,10,16,20,-16,10,20,0
395,-2054059775,10,-16,16,10,16,20,-16,10,20,10
396,-2054059681,10,-16,16,10,16,20,-16,10,20,20
397,-2054059587,10,-16,16,10,16,20,-16,20,0,0
398,-2054059493,10,-16,16,10,16,20,-16,20,0,10
399,-2054059369,10,-16,16,10,16,20,-16,20,0,20
400,-2054059275,10,-16,16,10,16,20,-16,20,10,0
401,-2054059087,10,-16,16,10,16,20,-16,20,10,10
402,-2054058884,10,-16,16,10,16,20,-16,20,10,20
403,-2054058665,10,-16,16,10,16,20,-16,20,20,0
404,-2054058525,10,-16,16,10,16,20,-16,20,20,10
405,-2054058431,10,-16,16,10,16,20,-16,20,20,20
406,-2054058322,10,-16,16,20,16,0,-16,0,0,0
407,-2054058181,10,-16,16,20,16,0,-16,0,0,10
408,-2054058072,10,-16,16,20,16,0,-16,0,0,20
409,-2054057978,10,-16,16,20,16,0,-16,0,10,0
410,-2054057869,10,-16,16,20,16,0,-16,0,10,10
411,-2054057681,10,-16,16,20,16,0,-16,0,10,20
412,-2054057587,10,-16,16,20,16,0,-16,0,20,0
413,-2054057478,10,-16,16,20,16,0,-16,0,20,10
414,-2054057384,10,-16,16,20,16,0,-16,0,20,20
415,-2054057212,10,-16,16,20,16,0,-16,10,0,0
416,-2054057103,10,-16,16,20,16,0,-16,10,0,10
417,-2054056947,10,-16,16,20,16,0,-16,10,0,20
418,-2054056837,10,-16,16,20,16,0,-16,10,10,0
419,-2054056712,10,-16,16,20,16,0,-16,10,10,10
420,-2054056618,10,-16,16,20,16,0,-16,10,10,20
421,-2054056493,10,-16,16,20,16,0,-16,10,20,0
422,-2054056431,10,-16,16,20,16,0,-16,10,20,10
423,-2054056306,10,-16,16,20,16,0,-16,10,20,20
424,-2054056150,10,-16,16,20,16,0,-16,20,0,0
425,-2054056025,10,-16,16,20,16,0,-16,20,0,10
426,-2054055900,10,-16,16,20,16,0,-16,20,0,20
427,-2054055743,10,-16,16,20,16,0,-16,20,10,0
428,-2054055634,10,-16,16,20,16,0,-16,20,10,10
429,-2054055525,10,-16,16,20,16,0,-16,20,10,20
430,-2054055384,10,-16,16,20,16,0,-16,20,20,0
431,-2054055243,10,-16,16,20,16,0,-16,20,20,10
432,-2054055087,10,-16,16,20,16,0,-16,20,20,20
433,-2054054962,10,-16,16,20,16,10,-16,0,0,0
434,-2054054775,10,-16,16,20,16,10,-16,0,0,10
435,-2054054665,10,-16,16,20,16,10,-16,0,0,20
436,-2054054556,10,-16,16,20,16,10,-16,0,10,0
437,-2054054447,10,-16,16,20,16,10,-16,0,10,10
438,-2054054306,10,-16,16,20,16,10,-16,0,10,20
439,-2054054072,10,-16,16,20,16,10,-16,0,20,0
440,-2054053868,10,-16,16,20,16,10,-16,0,20,10
441,-2054053759,10,-16,16,20,16,10,-16,0,20,20
442,-2054053603,10,-16,16,20,16,10,-16,10,0,0
443,-2054053478,10,-16,16,20,16,10,-16,10,0,10
444,-2054053384,10,-16,16,20,16,10,-16,10,0,20
445,-2054053259,10,-16,16,20,16,10,-16,10,10,0
446,-2054053087,10,-16,16,20,16,10,-16,10,10,10
447,-2054052915,10,-16,16,20,16,10,-16,10,10,20
448,-2054052712,10,-16,16,20,16,10,-16,10,20,0
449,-2054052587,10,-16,16,20,16,10,-16,10,20,10
450,-2054052447,10,-16,16,20,16,10,-16,10,20,20
451,-2054052275,10,-16,16,20,16,10,-16,20,0,0
452,-2054051978,10,-16,16,20,16,10,-16,20,0,10
453,-2054051806,10,-16,16,20,16,10,-16,20,0,20
454,-2054051587,10,-16,16,20,16,10,-16,20,10,0
455,-2054051290,10,-16,16,20,16,10,-16,20,10,10
456,-2054051134,10,-16,16,20,16,10,-16,20,10,20
457,-2054051009,10,-16,16,20,16,10,-16,20,20,0
458,-2054050869,10,-16,16,20,16,10,-16,20,20,10
459,-2054050759,10,-16,16,20,16,10,-16,20,20,20
460,-2054050665,10,-16,16,20,16,20,-16,0,0,0
461,-2054050525,10,-16,16,20,16,20,-16,0,0,10
462,-2054050447,10,-16,16,20,16,20,-16,0,0,20
463,-2054050290,10,-16,16,20,16,20,-16,0,10,0
464,-2054050181,10,-16,16,20,16,20,-16,0,10,10
465,-2054050072,10,-16,16,20,16,20,-16,0,10,20
466,-2054049915,10,-16,16,20,16,20,-16,0,20,0
467,-2054049790,10,-16,16,20,16,20,-16,0,20,10
468,-2054049618,10,-16,16,20,16,20,-16,0,20,20
469,-2054049447,10,-16,16,20,16,20,-16,10,0,0
470,-2054049369,10,-16,16,20,16,20,-16,10,0,10
471,-2054049197,10,-16,16,20,16,20,-16,10,0,20
472,-2054049009,10,-16,16,20,16,20,-16,10,10,0
473,-2054048884,10,-16,16,20,16,20,-16,10,10,10
474,-2054048681,10,-16,16,20,16,20,-16,10,10,20
475,-2054048540,10,-16,16,20,16,20,-16,10,20,0
476,-2054048353,10,-16,16,20,16,20,-16,10,20,10
477,-2054048212,10,-16,16,20,16,20,-16,10,20,20
478,-2054048103,10,-16,16,20,16,20,-16,20,0,0
479,-2054047947,10,-16,16,20,16,20,-16,20,0,10
480,-2054047806,10,-16,16,20,16,20,-16,20,0,20
481,-2054047650,10,-16,16,20,16,20,-16,20,10,0
482,-2054047447,10,-16,16,20,16,20,-16,20,10,10
483,-2054047337,10,-16,16,20,16,20,-16,20,10,20
484,-2054047228,10,-16,16,20,16,20,-16,20,20,0
485,-2054047072,10,-16,16,20,16,20,-16,20,20,10
486,-2054046931,10,-16,16,20,16,20,-16,20,20,20
487,-2054046822,20,-16,16,0,16,0,-16,0,0,0
488,-2054046665,20,-16,16,0,16,0,-16,0,0,10
489,-2054046525,20,-16,16,0,16,0,-16,0,0,20
490,-2054046353,20,-16,16,0,16,0,-16,0,10,0
491,-2054046228,20,-16,16,0,16,0,-16,0,10,10
492,-2054045962,20,-16,16,0,16,0,-16,0,10,20
493,-2054045759,20,-16,16,0,16,0,-16,0,20,0
494,-2054045603,20,-16,16,0,16,0,-16,0,20,10
495,-2054045509,20,-16,16,0,16,0,-16,0,20,20
496,-2054045400,20,-16,16,0,16,0,-16,10,0,0
497,-2054045259,20,-16,16,0,16,0,-16,10,0,10
498,-2054045118,20,-16,16,0,16,0,-16,10,0,20
499,-2054044947,20,-16,16,0,16,0,-16,10,10,0
500,-2054044806,20,-16,16,0,16,0,-16,10,10,10
501,-2054044681,20,-16,16,0,16,0,-16,10,10,20
502,-2054044572,20,-16,16,0,16,0,-16,10,20,0
503,-2054044447,20,-16,16,0,16,0,-16,10,20,10
504,-2054044197,20,-16,16,0,16,0,-16,10,20,20
505,-2054044072,20,-16,16,0,16,0,-16,20,0,0
506,-2054043962,20,-16,16,0,16,0,-16,20,0,10
507,-2054043806,20,-16,16,0,16,0,-16,20,0,20
508,-2054043697,20,-16,16,0,16,0,-16,20,10,0
509,-2054043509,20,-16,16,0,16,0,-16,20,10,10
510,-2054043290,20,-16,16,0,16,0,-16,20,10,20
511,-2054043118,20,-16,16,0,16,0,-16,20,20,0
512,-2054042931,20,-16,16,0,16,0,-16,20,20,10
513,-2054042837,20,-16,16,0,16,0,-16,20,20,20
514,-2054042665,20,-16,16,0,16,10,-16,0,0,0
515,-2054042572,20,-16,16,0,16,10,-16,0,0,10
516,-2054042478,20,-16,16,0,16,10,-16,0,0,20
517,-2054042119,20,-16,16,0,16,10,-16,0,10,0
518,-2054041868,20,-16,16,0,16,10,-16,0,10,10
519,-2054041712,20,-16,16,0,16,10,-16,0,10,20
520,-2054041572,20,-16,16,0,16,10,-16,0,20,0
521,-2054041400,20,-16,16,0,16,10,-16,0,20,10
522,-2054041243,20,-16,16,0,16,10,-16,0,20,20
523,-2054041165,20,-16,16,0,16,10,-16,10,0,0
524,-2054041087,20,-16,16,0,16,10,-16,10,0,10
525,-2054040931,20,-16,16,0,16,10,-16,10,0,20
526,-2054040775,20,-16,16,0,16,10,-16,10,10,0
527,-2054040665,20,-16,16,0,16,10,-16,10,10,10
528,-2054040494,20,-16,16,0,16,10,-16,10,10,20
529,-2054040353,20,-16,16,0,16,10,-16,10,20,0
530,-2054040259,20,-16,16,0,16,10,-16,10,20,10
531,-2054040118,20,-16,16,0,16,10,-16,10,20,20
532,-2054039993,20,-16,16,0,16,10,-16,20,0,0
533,-2054039931,20,-16,16,0,16,10,-16,20,0,10
534,-2054039790,20,-16,16,0,16,10,-16,20,0,20
535,-2054039634,20,-16,16,0,16,10,-16,20,10,0
536,-2054039509,20,-16,16,0,16,10,-16,20,10,10
537,-2054039400,20,-16,16,0,16,10,-16,20,10,20
538,-2054039228,20,-16,16,0,16,10,-16,20,20,0
539,-2054039056,20,-16,16,0,16,10,-16,20,20,10
540,-2054038947,20,-16,16,0,16,10,-16,20,20,20
541,-2054038806,20,-16,16,0,16,20,-16,0,0,0
542,-2054038681,20,-16,16,0,16,20,-16,0,0,10
543,-2054038556,20,-16,16,0,16,20,-16,0,0,20
544,-2054038353,20,-16,16,0,16,20,-16,0,10,0
545,-2054038197,20,-16,16,0,16,20,-16,0,10,10
546,-2054038025,20,-16,16,0,16,20,-16,0,10,20
547,-2054037868,20,-16,16,0,16,20,-16,0,20,0
548,-2054037728,20,-16,16,0,16,20,-16,0,20,10
549,-2054037556,20,-16,16,0,16,20,-16,0,20,20
550,-2054037322,20,-16,16,0,16,20,-16,10,0,0
551,-2054037118,20,-16,16,0,16,20,-16,10,0,10
552,-2054037009,20,-16,16,0,16,20,-16,10,0,20
553,-2054036915,20,-16,16,0,16,20,-16,10,10,0
554,-2054036759,20,-16,16,0,16,20,-16,10,10,10
555,-2054036603,20,-16,16,0,16,20,-16,10,10,20
556,-2054036493,20,-16,16,0,16,20,-16,10,20,0
557,-2054036306,20,-16,16,0,16,20,-16,10,20,10
558,-2054036165,20,-16,16,0,16,20,-16,10,20,20
559,-2054036009,20,-16,16,0,16,20,-16,20,0,0
560,-2054035931,20,-16,16,0,16,20,-16,20,0,10
561,-2054035853,20,-16,16,0,16,20,-16,20,0,20
562,-2054035743,20,-16,16,0,16,20,-16,20,10,0
563,-2054035587,20,-16,16,0,16,20,-16,20,10,10
564,-2054035462,20,-16,16,0,16,20,-16,20,10,20
565,-2054035259,20,-16,16,0,16,20,-16,20,20,0
566,-2054035165,20,-16,16,0,16,20,-16,20,20,10
567,-2054035025,20,-16,16,0,16,20,-16,20,20,20
568,-2054034790,20,-16,16,10,16,0,-16,0,0,0
569,-2054034650,20,-16,16,10,16,0,-16,0,0,10
570,-2054034415,20,-16,16,10,16,0,-16,0,0,20
571,-2054034306,20,-16,16,10,16,0,-16,0,10,0
572,-2054034181,20,-16,16,10,16,0,-16,0,10,10
573,-2054034072,20,-16,16,10,16,0,-16,0,10,20
574,-2054033884,20,-16,16,10,16,0,-16,0,20,0
575,-2054033775,20,-16,16,10,16,0,-16,0,20,10
576,-2054033681,20,-16,16,10,16,0,-16,0,20,20
577,-2054033572,20,-16,16,10,16,0,-16,10,0,0
578,-2054033431,20,-16,16,10,16,0,-16,10,0,10
579,-2054033353,20,-16,16,10,16,0,-16,10,0,20
580,-2054033259,20,-16,16,10,16,0,-16,10,10,0
581,-2054033103,20,-16,16,10,16,0,-16,10,10,10
582,-2054032931,20,-16,16,10,16,0,-16,10,10,20
583,-2054032790,20,-16,16,10,16,0,-16,10,20,0
584,-2054032650,20,-16,16,10,16,0,-16,10,20,10
585,-2054032509,20,-16,16,10,16,0,-16,10,20,20
586,-2054032337,20,-16,16,10,16,0,-16,20,0,0
587,-2054032228,20,-16,16,10,16,0,-16,20,0,10
588,-2054032072,20,-16,16,10,16,0,-16,20,0,20
589,-2054031962,20,-16,16,10,16,0,-16,20,10,0
590,-2054031822,20,-16,16,10,16,0,-16,20,10,10
591,-2054031712,20,-16,16,10,16,0,-16,20,10,20
592,-2054031603,20,-16,16,10,16,0,-16,20,20,0
593,-2054031478,20,-16,16,10,16,0,-16,20,20,10
594,-2054031290,20,-16,16,10,16,0,-16,20,20,20
595,-2054031197,20,-16,16,10,16,10,-16,0,0,0
596,-2054031025,20,-16,16,10,16,10,-16,0,0,10
597,-2054030900,20,-16,16,10,16,10,-16,0,0,20
598,-2054030634,20,-16,16,10,16,10,-16,0,10,0
599,-2054030415,20,-16,16,10,16,10,-16,0,10,10
600,-2054030243,20,-16,16,10,16,10,-16,0,10,20
601,-2054030103,20,-16,16,10,16,10,-16,0,20,0
602,-2054029993,20,-16,16,10,16,10,-16,0,20,10
603,-2054029900,20,-16,16,10,16,10,-16,0,20,20
604,-2054029806,20,-16,16,10,16,10,-16,10,0,0
605,-2054029712,20,-16,16,10,16,10,-16,10,0,10
606,-2054029603,20,-16,16,10,16,10,-16,10,0,20
607,-2054029462,20,-16,16,10,16,10,-16,10,10,0
608,-2054029275,20,-16,16,10,16,10,-16,10,10,10
609,-2054029165,20,-16,16,10,16,10,-16,10,10,20
610,-2054029009,20,-16,16,10,16,10,-16,10,20,0
611,-2054028868,20,-16,16,10,16,10,-16,10,20,10
612,-2054028697,20,-16,16,10,16,10,-16,10,20,20
613,-2054028462,20,-16,16,10,16,10,-16,20,0,0
614,-2054028384,20,-16,16,10,16,10,-16,20,0,10
615,-2054028275,20,-16,16,10,16,10,-16,20,0,20
616,-2054028134,20,-16,16,10,16,10,-16,20,10,0
617,-2054027915,20,-16,16,10,16,10,-16,20,10,10
618,-2054027822,20,-16,16,10,16,10,-16,20,10,20
619,-2054027650,20,-16,16,10,16,10,-16,20,20,0
620,-2054027509,20,-16,16,10,16,10,-16,20,20,10
621,-2054027290,20,-16,16,10,16,10,-16,20,20,20
622,-2054027087,20,-16,16,10,16,20,-16,0,0,0
623,-2054026994,20,-16,16,10,16,20,-16,0,0,10
624,-2054026853,20,-16,16,10,16,20,-16,0,0,20
625,-2054026681,20,-16,16,10,16,20,-16,0,10,0
626,-2054026603,20,-16,16,10,16,20,-16,0,10,10
627,-2054026509,20,-16,16,10,16,20,-16,0,10,20
628,-2054026384,20,-16,16,10,16,20,-16,0,20,0
629,-2054026275,20,-16,16,10,16,20,-16,0,20,10
630,-2054026118,20,-16,16,10,16,20,-16,0,20,20
631,-2054025962,20,-16,16,10,16,20,-16,10,0,0
632,-2054025837,20,-16,16,10,16,20,-16,10,0,10
633,-2054025728,20,-16,16,10,16,20,-16,10,0,20
634,-2054025650,20,-16,16,10,16,20,-16,10,10,0
635,-2054025556,20,-16,16,10,16,20,-16,10,10,10
636,-2054025447,20,-16,16,10,16,20,-16,10,10,20
637,-2054025306,20,-16,16,10,16,20,-16,10,20,0
638,-2054025197,20,-16,16,10,16,20,-16,10,20,10
639,-2054025103,20,-16,16,10,16,20,-16,10,20,20
640,-2054024962,20,-16,16,10,16,20,-16,20,0,0
641,-2054024853,20,-16,16,10,16,20,-16,20,0,10
642,-2054024665,20,-16,16,10,16,20,-16,20,0,20
643,-2054024556,20,-16,16,10,16,20,-16,20,10,0
644,-2054024447,20,-16,16,10,16,20,-16,20,10,10
645,-2054024368,20,-16,16,10,16,20,-16,20,10,20
646,-2054024259,20,-16,16,10,16,20,-16,20,20,0
647,-2054024181,20,-16,16,10,16,20,-16,20,20,10
648,-2054024056,20,-16,16,10,16,20,-16,20,20,20
649,-2054023947,20,-16,16,20,16,0,-16,0,0,0
650,-2054023775,20,-16,16,20,16,0,-16,0,0,10
651,-2054023697,20,-16,16,20,16,0,-16,0,0,20
652,-2054023603,20,-16,16,20,16,0,-16,0,10,0
653,-2054023431,20,-16,16,20,16,0,-16,0,10,10
654,-2054023322,20,-16,16,20,16,0,-16,0,10,20
655,-2054023244,20,-16,16,20,16,0,-16,0,20,0
656,-2054023056,20,-16,16,20,16,0,-16,0,20,10
657,-2054022915,20,-16,16,20,16,0,-16,0,20,20
658,-2054022790,20,-16,16,20,16,0,-16,10,0,0
659,-2054022619,20,-16,16,20,16,0,-16,10,0,10
660,-2054022525,20,-16,16,20,16,0,-16,10,0,20
661,-2054022353,20,-16,16,20,16,0,-16,10,10,0
662,-2054022228,20,-16,16,20,16,0,-16,10,10,10
663,-2054022103,20,-16,16,20,16,0,-16,10,10,20
664,-2054021978,20,-16,16,20,16,0,-16,10,20,0
665,-2054021837,20,-16,16,20,16,0,-16,10,20,10
666,-2054021650,20,-16,16,20,16,0,-16,10,20,20
667,-2054021587,20,-16,16,20,16,0,-16,20,0,0
668,-2054021447,20,-16,16,20,16,0,-16,20,0,10
669,-2054021259,20,-16,16,20,16,0,-16,20,0,20
670,-2054021056,20,-16,16,20,16,0,-16,20,10,0
671,-2054020915,20,-16,16,20,16,0,-16,20,10,10
672,-2054020775,20,-16,16,20,16,0,-16,20,10,20
673,-2054020634,20,-16,16,20,16,0,-16,20,20,0
674,-2054020525,20,-16,16,20,16,0,-16,20,20,10
675,-2054020415,20,-16,16,20,16,0,-16,20,20,20
676,-2054020306,20,-16,16,20,16,10,-16,0,0,0
677,-2054020150,20,-16,16,20,16,10,-16,0,0,10
678,-2054020072,20,-16,16,20,16,10,-16,0,0,20
679,-2054019962,20,-16,16,20,16,10,-16,0,10,0
680,-2054019837,20,-16,16,20,16,10,-16,0,10,10
681,-2054019650,20,-16,16,20,16,10,-16,0,10,20
682,-2054019415,20,-16,16,20,16,10,-16,0,20,0
683,-2054019212,20,-16,16,20,16,10,-16,0,20,10
684,-2054019118,20,-16,16,20,16,10,-16,0,20,20
685,-2054018994,20,-16,16,20,16,10,-16,10,0,0
686,-2054018853,20,-16,16,20,16,10,-16,10,0,10
687,-2054018681,20,-16,16,20,16,10,-16,10,0,20
688,-2054018587,20,-16,16,20,16,10,-16,10,10,0
689,-2054018384,20,-16,16,20,16,10,-16,10,10,10
690,-2054018275,20,-16,16,20,16,10,-16,10,10,20
691,-2054018009,20,-16,16,20,16,10,-16,10,20,0
692,-2054017900,20,-16,16,20,16,10,-16,10,20,10
693,-2054017806,20,-16,16,20,16,10,-16,10,20,20
694,-2054017712,20,-16,16,20,16,10,-16,20,0,0
695,-2054017603,20,-16,16,20,16,10,-16,20,0,10
696,-2054017447,20,-16,16,20,16,10,-16,20,0,20
697,-2054017353,20,-16,16,20,16,10,-16,20,10,0
698,-2054017212,20,-16,16,20,16,10,-16,20,10,10
699,-2054017087,20,-16,16,20,16,10,-16,20,10,20
700,-2054016993,20,-16,16,20,16,10,-16,20,20,0
701,-2054016915,20,-16,16,20,16,10,-16,20,20,10
702,-2054016806,20,-16,16,20,16,10,-16,20,20,20
703,-2054016697,20,-16,16,20,16,20,-16,0,0,0
704,-2054016572,20,-16,16,20,16,20,-16,0,0,10
705,-2054016462,20,-16,16,20,16,20,-16,0,0,20
706,-2054016337,20,-16,16,20,16,20,-16,0,10,0
707,-2054016134,20,-16,16,20,16,20,-16,0,10,10
708,-2054015978,20,-16,16,20,16,20,-16,0,10,20
709,-2054015884,20,-16,16,20,16,20,-16,0,20,0
710,-2054015743,20,-16,16,20,16,20,-16,0,20,10
711,-2054015603,20,-16,16,20,16,20,-16,0,20,20
712,-2054015447,20,-16,16,20,16,20,-16,10,0,0
713,-2054015368,20,-16,16,20,16,20,-16,10,0,10
714,-2054015275,20,-16,16,20,16,20,-16,10,0,20
715,-2054015134,20,-16,16,20,16,20,-16,10,10,0
716,-2054015009,20,-16,16,20,16,20,-16,10,10,10
717,-2054014837,20,-16,16,20,16,20,-16,10,10,20
718,-2054014728,20,-16,16,20,16,20,-16,10,20,0
719,-2054014603,20,-16,16,20,16,20,-16,10,20,10
720,-2054014525,20,-16,16,20,16,20,-16,10,20,20
721,-2054014415,20,-16,16,20,16,20,-16,20,0,0
722,-2054014337,20,-16,16,20,16,20,-16,20,0,10
723,-2054014243,20,-16,16,20,16,20,-16,20,0,20
724,-2054014103,20,-16,16,20,16,20,-16,20,10,0
725,-2054013915,20,-16,16,20,16,20,-16,20,10,10
726,-2054013806,20,-16,16,20,16,20,-16,20,10,20
727,-2054013634,20,-16,16,20,16,20,-16,20,20,0
728,-2054013509,20,-16,16,20,16,20,-16,20,20,10
729,-2054013275,20,-16,16,20,16,20,-16,20,20,20
