"run","randomSeed","numTanksBlue","default_observer_minPycor","default_observer_maxPycor","numSoldierBlue","default_observer_maxPxcor","numRidersBlue","default_observer_minPxcor","numTanksRed","numRidersRed","numSoldierRed"
1,-2057720036,0,-16,16,0,16,0,-16,0,0,0
2,-2057718676,0,-16,16,0,16,0,-16,0,0,10
3,-2057718239,0,-16,16,0,16,0,-16,0,0,20
4,-2057717707,0,-16,16,0,16,0,-16,0,10,0
5,-2057717411,0,-16,16,0,16,0,-16,0,10,10
6,-2057716942,0,-16,16,0,16,0,-16,0,10,20
7,-2057716567,0,-16,16,0,16,0,-16,0,20,0
8,-2057716254,0,-16,16,0,16,0,-16,0,20,10
9,-2057716051,0,-16,16,0,16,0,-16,0,20,20
10,-2057715864,0,-16,16,0,16,0,-16,10,0,0
11,-2057715551,0,-16,16,0,16,0,-16,10,0,10
12,-2057715207,0,-16,16,0,16,0,-16,10,0,20
13,-2057715036,0,-16,16,0,16,0,-16,10,10,0
14,-2057714879,0,-16,16,0,16,0,-16,10,10,10
15,-2057714707,0,-16,16,0,16,0,-16,10,10,20
16,-2057714457,0,-16,16,0,16,0,-16,10,20,0
17,-2057714270,0,-16,16,0,16,0,-16,10,20,10
18,-2057714129,0,-16,16,0,16,0,-16,10,20,20
19,-2057713957,0,-16,16,0,16,0,-16,20,0,0
20,-2057713770,0,-16,16,0,16,0,-16,20,0,10
21,-2057713567,0,-16,16,0,16,0,-16,20,0,20
22,-2057713270,0,-16,16,0,16,0,-16,20,10,0
23,-2057713067,0,-16,16,0,16,0,-16,20,10,10
24,-2057712911,0,-16,16,0,16,0,-16,20,10,20
25,-2057712645,0,-16,16,0,16,0,-16,20,20,0
26,-2057712457,0,-16,16,0,16,0,-16,20,20,10
27,-2057712270,0,-16,16,0,16,0,-16,20,20,20
28,-2057712020,0,-16,16,0,16,10,-16,0,0,0
29,-2057711707,0,-16,16,0,16,10,-16,0,0,10
30,-2057711411,0,-16,16,0,16,10,-16,0,0,20
31,-2057711317,0,-16,16,0,16,10,-16,0,10,0
32,-2057711114,0,-16,16,0,16,10,-16,0,10,10
33,-2057710911,0,-16,16,0,16,10,-16,0,10,20
34,-2057710801,0,-16,16,0,16,10,-16,0,20,0
35,-2057710614,0,-16,16,0,16,10,-16,0,20,10
36,-2057710489,0,-16,16,0,16,10,-16,0,20,20
37,-2057710286,0,-16,16,0,16,10,-16,10,0,0
38,-2057710145,0,-16,16,0,16,10,-16,10,0,10
39,-2057709989,0,-16,16,0,16,10,-16,10,0,20
40,-2057709817,0,-16,16,0,16,10,-16,10,10,0
41,-2057709551,0,-16,16,0,16,10,-16,10,10,10
42,-2057709411,0,-16,16,0,16,10,-16,10,10,20
43,-2057709286,0,-16,16,0,16,10,-16,10,20,0
44,-2057709098,0,-16,16,0,16,10,-16,10,20,10
45,-2057708926,0,-16,16,0,16,10,-16,10,20,20
46,-2057708832,0,-16,16,0,16,10,-16,20,0,0
47,-2057708614,0,-16,16,0,16,10,-16,20,0,10
48,-2057708442,0,-16,16,0,16,10,-16,20,0,20
49,-2057708286,0,-16,16,0,16,10,-16,20,10,0
50,-2057708161,0,-16,16,0,16,10,-16,20,10,10
51,-2057707926,0,-16,16,0,16,10,-16,20,10,20
52,-2057707723,0,-16,16,0,16,10,-16,20,20,0
53,-2057707520,0,-16,16,0,16,10,-16,20,20,10
54,-2057707379,0,-16,16,0,16,10,-16,20,20,20
55,-2057707176,0,-16,16,0,16,20,-16,0,0,0
56,-2057707020,0,-16,16,0,16,20,-16,0,0,10
57,-2057706739,0,-16,16,0,16,20,-16,0,0,20
58,-2057706520,0,-16,16,0,16,20,-16,0,10,0
59,-2057706379,0,-16,16,0,16,20,-16,0,10,10
60,-2057706207,0,-16,16,0,16,20,-16,0,10,20
61,-2057706020,0,-16,16,0,16,20,-16,0,20,0
62,-2057705895,0,-16,16,0,16,20,-16,0,20,10
63,-2057705739,0,-16,16,0,16,20,-16,0,20,20
64,-2057705598,0,-16,16,0,16,20,-16,10,0,0
65,-2057705473,0,-16,16,0,16,20,-16,10,0,10
66,-2057705270,0,-16,16,0,16,20,-16,10,0,20
67,-2057705114,0,-16,16,0,16,20,-16,10,10,0
68,-2057704989,0,-16,16,0,16,20,-16,10,10,10
69,-2057704864,0,-16,16,0,16,20,-16,10,10,20
70,-2057704676,0,-16,16,0,16,20,-16,10,20,0
71,-2057704536,0,-16,16,0,16,20,-16,10,20,10
72,-2057704364,0,-16,16,0,16,20,-16,10,20,20
73,-2057704270,0,-16,16,0,16,20,-16,20,0,0
74,-2057704067,0,-16,16,0,16,20,-16,20,0,10
75,-2057703957,0,-16,16,0,16,20,-16,20,0,20
76,-2057703848,0,-16,16,0,16,20,-16,20,10,0
77,-2057703676,0,-16,16,0,16,20,-16,20,10,10
78,-2057703489,0,-16,16,0,16,20,-16,20,10,20
79,-2057703332,0,-16,16,0,16,20,-16,20,20,0
80,-2057703129,0,-16,16,0,16,20,-16,20,20,10
81,-2057703051,0,-16,16,0,16,20,-16,20,20,20
82,-2057702911,0,-16,16,10,16,0,-16,0,0,0
83,-2057702660,0,-16,16,10,16,0,-16,0,0,10
84,-2057702504,0,-16,16,10,16,0,-16,0,0,20
85,-2057702379,0,-16,16,10,16,0,-16,0,10,0
86,-2057702161,0,-16,16,10,16,0,-16,0,10,10
87,-2057702051,0,-16,16,10,16,0,-16,0,10,20
88,-2057701926,0,-16,16,10,16,0,-16,0,20,0
89,-2057701754,0,-16,16,10,16,0,-16,0,20,10
90,-2057701551,0,-16,16,10,16,0,-16,0,20,20
91,-2057701426,0,-16,16,10,16,0,-16,10,0,0
92,-2057701317,0,-16,16,10,16,0,-16,10,0,10
93,-2057701176,0,-16,16,10,16,0,-16,10,0,20
94,-2057700942,0,-16,16,10,16,0,-16,10,10,0
95,-2057700723,0,-16,16,10,16,0,-16,10,10,10
96,-2057700551,0,-16,16,10,16,0,-16,10,10,20
97,-2057700442,0,-16,16,10,16,0,-16,10,20,0
98,-2057700317,0,-16,16,10,16,0,-16,10,20,10
99,-2057700192,0,-16,16,10,16,0,-16,10,20,20
100,-2057700020,0,-16,16,10,16,0,-16,20,0,0
101,-2057699864,0,-16,16,10,16,0,-16,20,0,10
102,-2057699660,0,-16,16,10,16,0,-16,20,0,20
103,-2057699520,0,-16,16,10,16,0,-16,20,10,0
104,-2057699301,0,-16,16,10,16,0,-16,20,10,10
105,-2057699129,0,-16,16,10,16,0,-16,20,10,20
106,-2057698973,0,-16,16,10,16,0,-16,20,20,0
107,-2057698879,0,-16,16,10,16,0,-16,20,20,10
108,-2057698801,0,-16,16,10,16,0,-16,20,20,20
109,-2057698598,0,-16,16,10,16,10,-16,0,0,0
110,-2057698442,0,-16,16,10,16,10,-16,0,0,10
111,-2057698239,0,-16,16,10,16,10,-16,0,0,20
112,-2057698114,0,-16,16,10,16,10,-16,0,10,0
113,-2057697832,0,-16,16,10,16,10,-16,0,10,10
114,-2057697379,0,-16,16,10,16,10,-16,0,10,20
115,-2057697207,0,-16,16,10,16,10,-16,0,20,0
116,-2057697082,0,-16,16,10,16,10,-16,0,20,10
117,-2057696879,0,-16,16,10,16,10,-16,0,20,20
118,-2057696707,0,-16,16,10,16,10,-16,10,0,0
119,-2057696536,0,-16,16,10,16,10,-16,10,0,10
120,-2057696442,0,-16,16,10,16,10,-16,10,0,20
121,-2057696286,0,-16,16,10,16,10,-16,10,10,0
122,-2057696051,0,-16,16,10,16,10,-16,10,10,10
123,-2057695911,0,-16,16,10,16,10,-16,10,10,20
124,-2057695723,0,-16,16,10,16,10,-16,10,20,0
125,-2057695598,0,-16,16,10,16,10,-16,10,20,10
126,-2057695426,0,-16,16,10,16,10,-16,10,20,20
127,-2057695270,0,-16,16,10,16,10,-16,20,0,0
128,-2057695098,0,-16,16,10,16,10,-16,20,0,10
129,-2057694957,0,-16,16,10,16,10,-16,20,0,20
130,-2057694817,0,-16,16,10,16,10,-16,20,10,0
131,-2057694598,0,-16,16,10,16,10,-16,20,10,10
132,-2057694457,0,-16,16,10,16,10,-16,20,10,20
133,-2057694270,0,-16,16,10,16,10,-16,20,20,0
134,-2057694176,0,-16,16,10,16,10,-16,20,20,10
135,-2057694067,0,-16,16,10,16,10,-16,20,20,20
136,-2057693911,0,-16,16,10,16,20,-16,0,0,0
137,-2057693786,0,-16,16,10,16,20,-16,0,0,10
138,-2057693567,0,-16,16,10,16,20,-16,0,0,20
139,-2057693442,0,-16,16,10,16,20,-16,0,10,0
140,-2057693301,0,-16,16,10,16,20,-16,0,10,10
141,-2057693192,0,-16,16,10,16,20,-16,0,10,20
142,-2057692926,0,-16,16,10,16,20,-16,0,20,0
143,-2057692770,0,-16,16,10,16,20,-16,0,20,10
144,-2057692614,0,-16,16,10,16,20,-16,0,20,20
145,-2057692473,0,-16,16,10,16,20,-16,10,0,0
146,-2057692364,0,-16,16,10,16,20,-16,10,0,10
147,-2057692207,0,-16,16,10,16,20,-16,10,0,20
148,-2057692051,0,-16,16,10,16,20,-16,10,10,0
149,-2057691895,0,-16,16,10,16,20,-16,10,10,10
150,-2057691629,0,-16,16,10,16,20,-16,10,10,20
151,-2057691473,0,-16,16,10,16,20,-16,10,20,0
152,-2057691286,0,-16,16,10,16,20,-16,10,20,10
153,-2057691161,0,-16,16,10,16,20,-16,10,20,20
154,-2057691036,0,-16,16,10,16,20,-16,20,0,0
155,-2057690832,0,-16,16,10,16,20,-16,20,0,10
156,-2057690692,0,-16,16,10,16,20,-16,20,0,20
157,-2057690598,0,-16,16,10,16,20,-16,20,10,0
158,-2057690395,0,-16,16,10,16,20,-16,20,10,10
159,-2057690207,0,-16,16,10,16,20,-16,20,10,20
160,-2057690098,0,-16,16,10,16,20,-16,20,20,0
161,-2057690004,0,-16,16,10,16,20,-16,20,20,10
162,-2057689879,0,-16,16,10,16,20,-16,20,20,20
163,-2057689707,0,-16,16,20,16,0,-16,0,0,0
164,-2057689536,0,-16,16,20,16,0,-16,0,0,10
165,-2057689411,0,-16,16,20,16,0,-16,0,0,20
166,-2057689207,0,-16,16,20,16,0,-16,0,10,0
167,-2057689004,0,-16,16,20,16,0,-16,0,10,10
168,-2057688817,0,-16,16,20,16,0,-16,0,10,20
169,-2057688692,0,-16,16,20,16,0,-16,0,20,0
170,-2057688504,0,-16,16,20,16,0,-16,0,20,10
171,-2057688379,0,-16,16,20,16,0,-16,0,20,20
172,-2057688270,0,-16,16,20,16,0,-16,10,0,0
173,-2057688176,0,-16,16,20,16,0,-16,10,0,10
174,-2057688082,0,-16,16,20,16,0,-16,10,0,20
175,-2057687895,0,-16,16,20,16,0,-16,10,10,0
176,-2057687723,0,-16,16,20,16,0,-16,10,10,10
177,-2057687598,0,-16,16,20,16,0,-16,10,10,20
178,-2057687457,0,-16,16,20,16,0,-16,10,20,0
179,-2057687207,0,-16,16,20,16,0,-16,10,20,10
180,-2057687004,0,-16,16,20,16,0,-16,10,20,20
181,-2057686879,0,-16,16,20,16,0,-16,20,0,0
182,-2057686786,0,-16,16,20,16,0,-16,20,0,10
183,-2057686614,0,-16,16,20,16,0,-16,20,0,20
184,-2057686520,0,-16,16,20,16,0,-16,20,10,0
185,-2057686379,0,-16,16,20,16,0,-16,20,10,10
186,-2057686286,0,-16,16,20,16,0,-16,20,10,20
187,-2057686067,0,-16,16,20,16,0,-16,20,20,0
188,-2057685879,0,-16,16,20,16,0,-16,20,20,10
189,-2057685692,0,-16,16,20,16,0,-16,20,20,20
190,-2057685442,0,-16,16,20,16,10,-16,0,0,0
191,-2057685332,0,-16,16,20,16,10,-16,0,0,10
192,-2057685223,0,-16,16,20,16,10,-16,0,0,20
193,-2057685067,0,-16,16,20,16,10,-16,0,10,0
194,-2057684926,0,-16,16,20,16,10,-16,0,10,10
195,-2057684754,0,-16,16,20,16,10,-16,0,10,20
196,-2057684582,0,-16,16,20,16,10,-16,0,20,0
197,-2057684457,0,-16,16,20,16,10,-16,0,20,10
198,-2057684364,0,-16,16,20,16,10,-16,0,20,20
199,-2057684161,0,-16,16,20,16,10,-16,10,0,0
200,-2057684036,0,-16,16,20,16,10,-16,10,0,10
201,-2057683895,0,-16,16,20,16,10,-16,10,0,20
202,-2057683770,0,-16,16,20,16,10,-16,10,10,0
203,-2057683536,0,-16,16,20,16,10,-16,10,10,10
204,-2057683364,0,-16,16,20,16,10,-16,10,10,20
205,-2057683239,0,-16,16,20,16,10,-16,10,20,0
206,-2057683129,0,-16,16,20,16,10,-16,10,20,10
207,-2057682973,0,-16,16,20,16,10,-16,10,20,20
208,-2057682848,0,-16,16,20,16,10,-16,20,0,0
209,-2057682692,0,-16,16,20,16,10,-16,20,0,10
210,-2057682551,0,-16,16,20,16,10,-16,20,0,20
211,-2057682411,0,-16,16,20,16,10,-16,20,10,0
212,-2057682239,0,-16,16,20,16,10,-16,20,10,10
213,-2057682067,0,-16,16,20,16,10,-16,20,10,20
214,-2057681957,0,-16,16,20,16,10,-16,20,20,0
215,-2057681786,0,-16,16,20,16,10,-16,20,20,10
216,-2057681614,0,-16,16,20,16,10,-16,20,20,20
217,-2057681457,0,-16,16,20,16,20,-16,0,0,0
218,-2057681270,0,-16,16,20,16,20,-16,0,0,10
219,-2057681098,0,-16,16,20,16,20,-16,0,0,20
220,-2057680911,0,-16,16,20,16,20,-16,0,10,0
221,-2057680786,0,-16,16,20,16,20,-16,0,10,10
222,-2057680645,0,-16,16,20,16,20,-16,0,10,20
223,-2057680473,0,-16,16,20,16,20,-16,0,20,0
224,-2057680254,0,-16,16,20,16,20,-16,0,20,10
225,-2057680129,0,-16,16,20,16,20,-16,0,20,20
226,-2057679942,0,-16,16,20,16,20,-16,10,0,0
227,-2057679817,0,-16,16,20,16,20,-16,10,0,10
228,-2057679629,0,-16,16,20,16,20,-16,10,0,20
229,-2057679520,0,-16,16,20,16,20,-16,10,10,0
230,-2057679395,0,-16,16,20,16,20,-16,10,10,10
231,-2057679270,0,-16,16,20,16,20,-16,10,10,20
232,-2057679176,0,-16,16,20,16,20,-16,10,20,0
233,-2057678989,0,-16,16,20,16,20,-16,10,20,10
234,-2057678879,0,-16,16,20,16,20,-16,10,20,20
235,-2057678754,0,-16,16,20,16,20,-16,20,0,0
236,-2057678645,0,-16,16,20,16,20,-16,20,0,10
237,-2057678489,0,-16,16,20,16,20,-16,20,0,20
238,-2057678285,0,-16,16,20,16,20,-16,20,10,0
239,-2057678020,0,-16,16,20,16,20,-16,20,10,10
240,-2057677832,0,-16,16,20,16,20,-16,20,10,20
241,-2057677723,0,-16,16,20,16,20,-16,20,20,0
242,-2057677567,0,-16,16,20,16,20,-16,20,20,10
243,-2057677426,0,-16,16,20,16,20,-16,20,20,20
244,-2057677270,10,-16,16,0,16,0,-16,0,0,0
245,-2057677129,10,-16,16,0,16,0,-16,0,0,10
246,-2057676973,10,-16,16,0,16,0,-16,0,0,20
247,-2057676848,10,-16,16,0,16,0,-16,0,10,0
248,-2057676692,10,-16,16,0,16,0,-16,0,10,10
249,-2057676614,10,-16,16,0,16,0,-16,0,10,20
250,-2057676408,10,-16,16,0,16,0,-16,0,20,0
251,-2057676236,10,-16,16,0,16,0,-16,0,20,10
252,-2057676048,10,-16,16,0,16,0,-16,0,20,20
253,-2057675908,10,-16,16,0,16,0,-16,10,0,0
254,-2057675752,10,-16,16,0,16,0,-16,10,0,10
255,-2057675627,10,-16,16,0,16,0,-16,10,0,20
256,-2057675377,10,-16,16,0,16,0,-16,10,10,0
257,-2057675189,10,-16,16,0,16,0,-16,10,10,10
258,-2057675048,10,-16,16,0,16,0,-16,10,10,20
259,-2057674877,10,-16,16,0,16,0,-16,10,20,0
260,-2057674783,10,-16,16,0,16,0,-16,10,20,10
261,-2057674674,10,-16,16,0,16,0,-16,10,20,20
262,-2057674564,10,-16,16,0,16,0,-16,20,0,0
263,-2057674392,10,-16,16,0,16,0,-16,20,0,10
264,-2057674236,10,-16,16,0,16,0,-16,20,0,20
265,-2057673955,10,-16,16,0,16,0,-16,20,10,0
266,-2057673830,10,-16,16,0,16,0,-16,20,10,10
267,-2057673627,10,-16,16,0,16,0,-16,20,10,20
268,-2057673533,10,-16,16,0,16,0,-16,20,20,0
269,-2057673392,10,-16,16,0,16,0,-16,20,20,10
270,-2057673205,10,-16,16,0,16,0,-16,20,20,20
271,-2057673064,10,-16,16,0,16,10,-16,0,0,0
272,-2057672877,10,-16,16,0,16,10,-16,0,0,10
273,-2057672736,10,-16,16,0,16,10,-16,0,0,20
274,-2057672580,10,-16,16,0,16,10,-16,0,10,0
275,-2057672392,10,-16,16,0,16,10,-16,0,10,10
276,-2057672283,10,-16,16,0,16,10,-16,0,10,20
277,-2057672142,10,-16,16,0,16,10,-16,0,20,0
278,-2057672048,10,-16,16,0,16,10,-16,0,20,10
279,-2057671923,10,-16,16,0,16,10,-16,0,20,20
280,-2057671798,10,-16,16,0,16,10,-16,10,0,0
281,-2057671627,10,-16,16,0,16,10,-16,10,0,10
282,-2057671486,10,-16,16,0,16,10,-16,10,0,20
283,-2057671298,10,-16,16,0,16,10,-16,10,10,0
284,-2057671158,10,-16,16,0,16,10,-16,10,10,10
285,-2057670970,10,-16,16,0,16,10,-16,10,10,20
286,-2057670861,10,-16,16,0,16,10,-16,10,20,0
287,-2057670689,10,-16,16,0,16,10,-16,10,20,10
288,-2057670533,10,-16,16,0,16,10,-16,10,20,20
289,-2057670314,10,-16,16,0,16,10,-16,20,0,0
290,-2057670142,10,-16,16,0,16,10,-16,20,0,10
291,-2057669939,10,-16,16,0,16,10,-16,20,0,20
292,-2057669830,10,-16,16,0,16,10,-16,20,10,0
293,-2057669689,10,-16,16,0,16,10,-16,20,10,10
294,-2057669533,10,-16,16,0,16,10,-16,20,10,20
295,-2057669392,10,-16,16,0,16,10,-16,20,20,0
296,-2057669283,10,-16,16,0,16,10,-16,20,20,10
297,-2057669142,10,-16,16,0,16,10,-16,20,20,20
298,-2057668955,10,-16,16,0,16,20,-16,0,0,0
299,-2057668814,10,-16,16,0,16,20,-16,0,0,10
300,-2057668658,10,-16,16,0,16,20,-16,0,0,20
301,-2057668423,10,-16,16,0,16,20,-16,0,10,0
302,-2057668220,10,-16,16,0,16,20,-16,0,10,10
303,-2057668064,10,-16,16,0,16,20,-16,0,10,20
304,-2057667908,10,-16,16,0,16,20,-16,0,20,0
305,-2057667752,10,-16,16,0,16,20,-16,0,20,10
306,-2057667564,10,-16,16,0,16,20,-16,0,20,20
307,-2057667423,10,-16,16,0,16,20,-16,10,0,0
308,-2057667189,10,-16,16,0,16,20,-16,10,0,10
309,-2057667064,10,-16,16,0,16,20,-16,10,0,20
310,-2057666877,10,-16,16,0,16,20,-16,10,10,0
311,-2057666705,10,-16,16,0,16,20,-16,10,10,10
312,-2057666502,10,-16,16,0,16,20,-16,10,10,20
313,-2057666299,10,-16,16,0,16,20,-16,10,20,0
314,-2057666220,10,-16,16,0,16,20,-16,10,20,10
315,-2057666080,10,-16,16,0,16,20,-16,10,20,20
316,-2057665939,10,-16,16,0,16,20,-16,20,0,0
317,-2057665752,10,-16,16,0,16,20,-16,20,0,10
318,-2057665611,10,-16,16,0,16,20,-16,20,0,20
319,-2057665470,10,-16,16,0,16,20,-16,20,10,0
320,-2057665314,10,-16,16,0,16,20,-16,20,10,10
321,-2057665111,10,-16,16,0,16,20,-16,20,10,20
322,-2057664939,10,-16,16,0,16,20,-16,20,20,0
323,-2057664548,10,-16,16,0,16,20,-16,20,20,10
324,-2057664439,10,-16,16,0,16,20,-16,20,20,20
325,-2057664252,10,-16,16,10,16,0,-16,0,0,0
326,-2057664033,10,-16,16,10,16,0,-16,0,0,10
327,-2057663908,10,-16,16,10,16,0,-16,0,0,20
328,-2057663767,10,-16,16,10,16,0,-16,0,10,0
329,-2057663627,10,-16,16,10,16,0,-16,0,10,10
330,-2057663517,10,-16,16,10,16,0,-16,0,10,20
331,-2057663283,10,-16,16,10,16,0,-16,0,20,0
332,-2057663127,10,-16,16,10,16,0,-16,0,20,10
333,-2057663002,10,-16,16,10,16,0,-16,0,20,20
334,-2057662799,10,-16,16,10,16,0,-16,10,0,0
335,-2057662611,10,-16,16,10,16,0,-16,10,0,10
336,-2057662486,10,-16,16,10,16,0,-16,10,0,20
337,-2057662330,10,-16,16,10,16,0,-16,10,10,0
338,-2057662252,10,-16,16,10,16,0,-16,10,10,10
339,-2057662127,10,-16,16,10,16,0,-16,10,10,20
340,-2057662064,10,-16,16,10,16,0,-16,10,20,0
341,-2057661861,10,-16,16,10,16,0,-16,10,20,10
342,-2057661720,10,-16,16,10,16,0,-16,10,20,20
343,-2057661533,10,-16,16,10,16,0,-16,20,0,0
344,-2057661377,10,-16,16,10,16,0,-16,20,0,10
345,-2057661252,10,-16,16,10,16,0,-16,20,0,20
346,-2057661111,10,-16,16,10,16,0,-16,20,10,0
347,-2057660955,10,-16,16,10,16,0,-16,20,10,10
348,-2057660845,10,-16,16,10,16,0,-16,20,10,20
349,-2057660720,10,-16,16,10,16,0,-16,20,20,0
350,-2057660595,10,-16,16,10,16,0,-16,20,20,10
351,-2057660486,10,-16,16,10,16,0,-16,20,20,20
352,-2057660330,10,-16,16,10,16,10,-16,0,0,0
353,-2057660158,10,-16,16,10,16,10,-16,0,0,10
354,-2057659986,10,-16,16,10,16,10,-16,0,0,20
355,-2057659892,10,-16,16,10,16,10,-16,0,10,0
356,-2057659783,10,-16,16,10,16,10,-16,0,10,10
357,-2057659627,10,-16,16,10,16,10,-16,0,10,20
358,-2057659455,10,-16,16,10,16,10,-16,0,20,0
359,-2057659283,10,-16,16,10,16,10,-16,0,20,10
360,-2057659174,10,-16,16,10,16,10,-16,0,20,20
361,-2057658986,10,-16,16,10,16,10,-16,10,0,0
362,-2057658830,10,-16,16,10,16,10,-16,10,0,10
363,-2057658627,10,-16,16,10,16,10,-16,10,0,20
364,-2057658502,10,-16,16,10,16,10,-16,10,10,0
365,-2057658361,10,-16,16,10,16,10,-16,10,10,10
366,-2057658267,10,-16,16,10,16,10,-16,10,10,20
367,-2057658127,10,-16,16,10,16,10,-16,10,20,0
368,-2057658049,10,-16,16,10,16,10,-16,10,20,10
369,-2057657892,10,-16,16,10,16,10,-16,10,20,20
370,-2057657689,10,-16,16,10,16,10,-16,20,0,0
371,-2057657611,10,-16,16,10,16,10,-16,20,0,10
372,-2057657455,10,-16,16,10,16,10,-16,20,0,20
373,-2057657236,10,-16,16,10,16,10,-16,20,10,0
374,-2057657049,10,-16,16,10,16,10,-16,20,10,10
375,-2057656892,10,-16,16,10,16,10,-16,20,10,20
376,-2057656673,10,-16,16,10,16,10,-16,20,20,0
377,-2057656564,10,-16,16,10,16,10,-16,20,20,10
378,-2057656439,10,-16,16,10,16,10,-16,20,20,20
379,-2057656314,10,-16,16,10,16,20,-16,0,0,0
380,-2057656205,10,-16,16,10,16,20,-16,0,0,10
381,-2057656049,10,-16,16,10,16,20,-16,0,0,20
382,-2057655861,10,-16,16,10,16,20,-16,0,10,0
383,-2057655705,10,-16,16,10,16,20,-16,0,10,10
384,-2057655627,10,-16,16,10,16,20,-16,0,10,20
385,-2057655455,10,-16,16,10,16,20,-16,0,20,0
386,-2057655314,10,-16,16,10,16,20,-16,0,20,10
387,-2057655127,10,-16,16,10,16,20,-16,0,20,20
388,-2057655048,10,-16,16,10,16,20,-16,10,0,0
389,-2057654908,10,-16,16,10,16,20,-16,10,0,10
390,-2057654736,10,-16,16,10,16,20,-16,10,0,20
391,-2057654580,10,-16,16,10,16,20,-16,10,10,0
392,-2057654392,10,-16,16,10,16,20,-16,10,10,10
393,-2057654158,10,-16,16,10,16,20,-16,10,10,20
394,-2057654002,10,-16,16,10,16,20,-16,10,20,0
395,-2057653830,10,-16,16,10,16,20,-16,10,20,10
396,-2057653642,10,-16,16,10,16,20,-16,10,20,20
397,-2057653470,10,-16,16,10,16,20,-16,20,0,0
398,-2057653314,10,-16,16,10,16,20,-16,20,0,10
399,-2057653173,10,-16,16,10,16,20,-16,20,0,20
400,-2057653064,10,-16,16,10,16,20,-16,20,10,0
401,-2057652939,10,-16,16,10,16,20,-16,20,10,10
402,-2057652814,10,-16,16,10,16,20,-16,20,10,20
403,-2057652673,10,-16,16,10,16,20,-16,20,20,0
404,-2057652533,10,-16,16,10,16,20,-16,20,20,10
405,-2057652408,10,-16,16,10,16,20,-16,20,20,20
406,-2057652267,10,-16,16,20,16,0,-16,0,0,0
407,-2057652111,10,-16,16,20,16,0,-16,0,0,10
408,-2057652048,10,-16,16,20,16,0,-16,0,0,20
409,-2057651892,10,-16,16,20,16,0,-16,0,10,0
410,-2057651798,10,-16,16,20,16,0,-16,0,10,10
411,-2057651705,10,-16,16,20,16,0,-16,0,10,20
412,-2057651580,10,-16,16,20,16,0,-16,0,20,0
413,-2057651486,10,-16,16,20,16,0,-16,0,20,10
414,-2057651283,10,-16,16,20,16,0,-16,0,20,20
415,-2057651080,10,-16,16,20,16,0,-16,10,0,0
416,-2057650939,10,-16,16,20,16,0,-16,10,0,10
417,-2057650798,10,-16,16,20,16,0,-16,10,0,20
418,-2057650627,10,-16,16,20,16,0,-16,10,10,0
419,-2057650470,10,-16,16,20,16,0,-16,10,10,10
420,-2057650330,10,-16,16,20,16,0,-16,10,10,20
421,-2057650189,10,-16,16,20,16,0,-16,10,20,0
422,-2057650111,10,-16,16,20,16,0,-16,10,20,10
423,-2057649955,10,-16,16,20,16,0,-16,10,20,20
424,-2057649830,10,-16,16,20,16,0,-16,20,0,0
425,-2057649642,10,-16,16,20,16,0,-16,20,0,10
426,-2057649455,10,-16,16,20,16,0,-16,20,0,20
427,-2057649205,10,-16,16,20,16,0,-16,20,10,0
428,-2057649017,10,-16,16,20,16,0,-16,20,10,10
429,-2057648939,10,-16,16,20,16,0,-16,20,10,20
430,-2057648767,10,-16,16,20,16,0,-16,20,20,0
431,-2057648689,10,-16,16,20,16,0,-16,20,20,10
432,-2057648564,10,-16,16,20,16,0,-16,20,20,20
433,-2057648439,10,-16,16,20,16,10,-16,0,0,0
434,-2057648330,10,-16,16,20,16,10,-16,0,0,10
435,-2057648158,10,-16,16,20,16,10,-16,0,0,20
436,-2057647970,10,-16,16,20,16,10,-16,0,10,0
437,-2057647814,10,-16,16,20,16,10,-16,0,10,10
438,-2057647705,10,-16,16,20,16,10,-16,0,10,20
439,-2057647595,10,-16,16,20,16,10,-16,0,20,0
440,-2057647330,10,-16,16,20,16,10,-16,0,20,10
441,-2057647127,10,-16,16,20,16,10,-16,0,20,20
442,-2057646955,10,-16,16,20,16,10,-16,10,0,0
443,-2057646845,10,-16,16,20,16,10,-16,10,0,10
444,-2057646736,10,-16,16,20,16,10,-16,10,0,20
445,-2057646642,10,-16,16,20,16,10,-16,10,10,0
446,-2057646470,10,-16,16,20,16,10,-16,10,10,10
447,-2057646314,10,-16,16,20,16,10,-16,10,10,20
448,-2057646142,10,-16,16,20,16,10,-16,10,20,0
449,-2057646017,10,-16,16,20,16,10,-16,10,20,10
450,-2057645830,10,-16,16,20,16,10,-16,10,20,20
451,-2057645673,10,-16,16,20,16,10,-16,20,0,0
452,-2057645564,10,-16,16,20,16,10,-16,20,0,10
453,-2057645455,10,-16,16,20,16,10,-16,20,0,20
454,-2057645330,10,-16,16,20,16,10,-16,20,10,0
455,-2057645127,10,-16,16,20,16,10,-16,20,10,10
456,-2057645002,10,-16,16,20,16,10,-16,20,10,20
457,-2057644814,10,-16,16,20,16,10,-16,20,20,0
458,-2057644705,10,-16,16,20,16,10,-16,20,20,10
459,-2057644580,10,-16,16,20,16,10,-16,20,20,20
460,-2057644408,10,-16,16,20,16,20,-16,0,0,0
461,-2057644298,10,-16,16,20,16,20,-16,0,0,10
462,-2057644220,10,-16,16,20,16,20,-16,0,0,20
463,-2057644064,10,-16,16,20,16,20,-16,0,10,0
464,-2057643955,10,-16,16,20,16,20,-16,0,10,10
465,-2057643798,10,-16,16,20,16,20,-16,0,10,20
466,-2057643674,10,-16,16,20,16,20,-16,0,20,0
467,-2057643470,10,-16,16,20,16,20,-16,0,20,10
468,-2057643330,10,-16,16,20,16,20,-16,0,20,20
469,-2057643158,10,-16,16,20,16,20,-16,10,0,0
470,-2057643064,10,-16,16,20,16,20,-16,10,0,10
471,-2057642877,10,-16,16,20,16,20,-16,10,0,20
472,-2057642783,10,-16,16,20,16,20,-16,10,10,0
473,-2057642595,10,-16,16,20,16,20,-16,10,10,10
474,-2057642408,10,-16,16,20,16,20,-16,10,10,20
475,-2057642252,10,-16,16,20,16,20,-16,10,20,0
476,-2057642142,10,-16,16,20,16,20,-16,10,20,10
477,-2057641939,10,-16,16,20,16,20,-16,10,20,20
478,-2057641767,10,-16,16,20,16,20,-16,20,0,0
479,-2057641580,10,-16,16,20,16,20,-16,20,0,10
480,-2057641345,10,-16,16,20,16,20,-16,20,0,20
481,-2057641189,10,-16,16,20,16,20,-16,20,10,0
482,-2057641002,10,-16,16,20,16,20,-16,20,10,10
483,-2057640830,10,-16,16,20,16,20,-16,20,10,20
484,-2057640658,10,-16,16,20,16,20,-16,20,20,0
485,-2057640470,10,-16,16,20,16,20,-16,20,20,10
486,-2057640330,10,-16,16,20,16,20,-16,20,20,20
487,-2057640205,20,-16,16,0,16,0,-16,0,0,0
488,-2057640095,20,-16,16,0,16,0,-16,0,0,10
489,-2057639939,20,-16,16,0,16,0,-16,0,0,20
490,-2057639736,20,-16,16,0,16,0,-16,0,10,0
491,-2057639595,20,-16,16,0,16,0,-16,0,10,10
492,-2057639439,20,-16,16,0,16,0,-16,0,10,20
493,-2057639298,20,-16,16,0,16,0,-16,0,20,0
494,-2057639205,20,-16,16,0,16,0,-16,0,20,10
495,-2057638986,20,-16,16,0,16,0,-16,0,20,20
496,-2057638767,20,-16,16,0,16,0,-16,10,0,0
497,-2057638595,20,-16,16,0,16,0,-16,10,0,10
498,-2057638423,20,-16,16,0,16,0,-16,10,0,20
499,-2057638283,20,-16,16,0,16,0,-16,10,10,0
500,-2057638142,20,-16,16,0,16,0,-16,10,10,10
501,-2057637986,20,-16,16,0,16,0,-16,10,10,20
502,-2057637783,20,-16,16,0,16,0,-16,10,20,0
503,-2057637611,20,-16,16,0,16,0,-16,10,20,10
504,-2057637470,20,-16,16,0,16,0,-16,10,20,20
505,-2057637298,20,-16,16,0,16,0,-16,20,0,0
506,-2057637189,20,-16,16,0,16,0,-16,20,0,10
507,-2057637033,20,-16,16,0,16,0,-16,20,0,20
508,-2057636939,20,-16,16,0,16,0,-16,20,10,0
509,-2057636814,20,-16,16,0,16,0,-16,20,10,10
510,-2057636627,20,-16,16,0,16,0,-16,20,10,20
511,-2057636517,20,-16,16,0,16,0,-16,20,20,0
512,-2057636424,20,-16,16,0,16,0,-16,20,20,10
513,-2057636174,20,-16,16,0,16,0,-16,20,20,20
514,-2057635955,20,-16,16,0,16,10,-16,0,0,0
515,-2057635830,20,-16,16,0,16,10,-16,0,0,10
516,-2057635673,20,-16,16,0,16,10,-16,0,0,20
517,-2057635595,20,-16,16,0,16,10,-16,0,10,0
518,-2057635470,20,-16,16,0,16,10,-16,0,10,10
519,-2057635314,20,-16,16,0,16,10,-16,0,10,20
520,-2057635111,20,-16,16,0,16,10,-16,0,20,0
521,-2057634939,20,-16,16,0,16,10,-16,0,20,10
522,-2057634845,20,-16,16,0,16,10,-16,0,20,20
523,-2057634580,20,-16,16,0,16,10,-16,10,0,0
524,-2057634423,20,-16,16,0,16,10,-16,10,0,10
525,-2057634298,20,-16,16,0,16,10,-16,10,0,20
526,-2057634205,20,-16,16,0,16,10,-16,10,10,0
527,-2057634080,20,-16,16,0,16,10,-16,10,10,10
528,-2057633939,20,-16,16,0,16,10,-16,10,10,20
529,-2057633845,20,-16,16,0,16,10,-16,10,20,0
530,-2057633689,20,-16,16,0,16,10,-16,10,20,10
531,-2057633517,20,-16,16,0,16,10,-16,10,20,20
532,-2057633330,20,-16,16,0,16,10,-16,20,0,0
533,-2057633127,20,-16,16,0,16,10,-16,20,0,10
534,-2057632939,20,-16,16,0,16,10,-16,20,0,20
535,-2057632798,20,-16,16,0,16,10,-16,20,10,0
536,-2057632642,20,-16,16,0,16,10,-16,20,10,10
537,-2057632455,20,-16,16,0,16,10,-16,20,10,20
538,-2057632283,20,-16,16,0,16,10,-16,20,20,0
539,-2057632111,20,-16,16,0,16,10,-16,20,20,10
540,-2057631908,20,-16,16,0,16,10,-16,20,20,20
541,-2057631736,20,-16,16,0,16,20,-16,0,0,0
542,-2057631642,20,-16,16,0,16,20,-16,0,0,10
543,-2057631533,20,-16,16,0,16,20,-16,0,0,20
544,-2057631423,20,-16,16,0,16,20,-16,0,10,0
545,-2057631330,20,-16,16,0,16,20,-16,0,10,10
546,-2057631205,20,-16,16,0,16,20,-16,0,10,20
547,-2057631017,20,-16,16,0,16,20,-16,0,20,0
548,-2057630939,20,-16,16,0,16,20,-16,0,20,10
549,-2057630767,20,-16,16,0,16,20,-16,0,20,20
550,-2057630642,20,-16,16,0,16,20,-16,10,0,0
551,-2057630548,20,-16,16,0,16,20,-16,10,0,10
552,-2057630423,20,-16,16,0,16,20,-16,10,0,20
553,-2057630267,20,-16,16,0,16,20,-16,10,10,0
554,-2057630033,20,-16,16,0,16,20,-16,10,10,10
555,-2057629877,20,-16,16,0,16,20,-16,10,10,20
556,-2057629736,20,-16,16,0,16,20,-16,10,20,0
557,-2057629642,20,-16,16,0,16,20,-16,10,20,10
558,-2057629517,20,-16,16,0,16,20,-16,10,20,20
559,-2057629283,20,-16,16,0,16,20,-16,20,0,0
560,-2057629173,20,-16,16,0,16,20,-16,20,0,10
561,-2057629080,20,-16,16,0,16,20,-16,20,0,20
562,-2057628924,20,-16,16,0,16,20,-16,20,10,0
563,-2057628798,20,-16,16,0,16,20,-16,20,10,10
564,-2057628689,20,-16,16,0,16,20,-16,20,10,20
565,-2057628517,20,-16,16,0,16,20,-16,20,20,0
566,-2057628361,20,-16,16,0,16,20,-16,20,20,10
567,-2057628236,20,-16,16,0,16,20,-16,20,20,20
568,-2057628048,20,-16,16,10,16,0,-16,0,0,0
569,-2057627892,20,-16,16,10,16,0,-16,0,0,10
570,-2057627720,20,-16,16,10,16,0,-16,0,0,20
571,-2057627564,20,-16,16,10,16,0,-16,0,10,0
572,-2057627439,20,-16,16,10,16,0,-16,0,10,10
573,-2057627314,20,-16,16,10,16,0,-16,0,10,20
574,-2057627173,20,-16,16,10,16,0,-16,0,20,0
575,-2057627048,20,-16,16,10,16,0,-16,0,20,10
576,-2057626877,20,-16,16,10,16,0,-16,0,20,20
577,-2057626705,20,-16,16,10,16,0,-16,10,0,0
578,-2057626564,20,-16,16,10,16,0,-16,10,0,10
579,-2057626423,20,-16,16,10,16,0,-16,10,0,20
580,-2057626283,20,-16,16,10,16,0,-16,10,10,0
581,-2057626127,20,-16,16,10,16,0,-16,10,10,10
582,-2057625970,20,-16,16,10,16,0,-16,10,10,20
583,-2057625861,20,-16,16,10,16,0,-16,10,20,0
584,-2057625595,20,-16,16,10,16,0,-16,10,20,10
585,-2057625439,20,-16,16,10,16,0,-16,10,20,20
586,-2057625298,20,-16,16,10,16,0,-16,20,0,0
587,-2057625127,20,-16,16,10,16,0,-16,20,0,10
588,-2057625002,20,-16,16,10,16,0,-16,20,0,20
589,-2057624845,20,-16,16,10,16,0,-16,20,10,0
590,-2057624736,20,-16,16,10,16,0,-16,20,10,10
591,-2057624627,20,-16,16,10,16,0,-16,20,10,20
592,-2057624486,20,-16,16,10,16,0,-16,20,20,0
593,-2057624361,20,-16,16,10,16,0,-16,20,20,10
594,-2057624236,20,-16,16,10,16,0,-16,20,20,20
595,-2057624048,20,-16,16,10,16,10,-16,0,0,0
596,-2057623861,20,-16,16,10,16,10,-16,0,0,10
597,-2057623752,20,-16,16,10,16,10,-16,0,0,20
598,-2057623627,20,-16,16,10,16,10,-16,0,10,0
599,-2057623470,20,-16,16,10,16,10,-16,0,10,10
600,-2057623252,20,-16,16,10,16,10,-16,0,10,20
601,-2057623033,20,-16,16,10,16,10,-16,0,20,0
602,-2057622892,20,-16,16,10,16,10,-16,0,20,10
603,-2057622752,20,-16,16,10,16,10,-16,0,20,20
604,-2057622642,20,-16,16,10,16,10,-16,10,0,0
605,-2057622439,20,-16,16,10,16,10,-16,10,0,10
606,-2057622220,20,-16,16,10,16,10,-16,10,0,20
607,-2057622111,20,-16,16,10,16,10,-16,10,10,0
608,-2057622002,20,-16,16,10,16,10,-16,10,10,10
609,-2057621877,20,-16,16,10,16,10,-16,10,10,20
610,-2057621720,20,-16,16,10,16,10,-16,10,20,0
611,-2057621580,20,-16,16,10,16,10,-16,10,20,10
612,-2057621361,20,-16,16,10,16,10,-16,10,20,20
613,-2057621236,20,-16,16,10,16,10,-16,20,0,0
614,-2057621064,20,-16,16,10,16,10,-16,20,0,10
615,-2057620955,20,-16,16,10,16,10,-16,20,0,20
616,-2057620861,20,-16,16,10,16,10,-16,20,10,0
617,-2057620720,20,-16,16,10,16,10,-16,20,10,10
618,-2057620595,20,-16,16,10,16,10,-16,20,10,20
619,-2057620439,20,-16,16,10,16,10,-16,20,20,0
620,-2057620298,20,-16,16,10,16,10,-16,20,20,10
621,-2057620158,20,-16,16,10,16,10,-16,20,20,20
622,-2057620002,20,-16,16,10,16,20,-16,0,0,0
623,-2057619845,20,-16,16,10,16,20,-16,0,0,10
624,-2057619752,20,-16,16,10,16,20,-16,0,0,20
625,-2057619627,20,-16,16,10,16,20,-16,0,10,0
626,-2057619455,20,-16,16,10,16,20,-16,0,10,10
627,-2057619298,20,-16,16,10,16,20,-16,0,10,20
628,-2057619142,20,-16,16,10,16,20,-16,0,20,0
629,-2057619002,20,-16,16,10,16,20,-16,0,20,10
630,-2057618798,20,-16,16,10,16,20,-16,0,20,20
631,-2057618580,20,-16,16,10,16,20,-16,10,0,0
632,-2057618470,20,-16,16,10,16,20,-16,10,0,10
633,-2057618267,20,-16,16,10,16,20,-16,10,0,20
634,-2057618127,20,-16,16,10,16,20,-16,10,10,0
635,-2057617955,20,-16,16,10,16,20,-16,10,10,10
636,-2057617752,20,-16,16,10,16,20,-16,10,10,20
637,-2057617642,20,-16,16,10,16,20,-16,10,20,0
638,-2057617502,20,-16,16,10,16,20,-16,10,20,10
639,-2057617424,20,-16,16,10,16,20,-16,10,20,20
640,-2057617298,20,-16,16,10,16,20,-16,20,0,0
641,-2057617158,20,-16,16,10,16,20,-16,20,0,10
642,-2057617048,20,-16,16,10,16,20,-16,20,0,20
643,-2057616877,20,-16,16,10,16,20,-16,20,10,0
644,-2057616705,20,-16,16,10,16,20,-16,20,10,10
645,-2057616548,20,-16,16,10,16,20,-16,20,10,20
646,-2057616374,20,-16,16,10,16,20,-16,20,20,0
647,-2057616218,20,-16,16,10,16,20,-16,20,20,10
648,-2057616046,20,-16,16,10,16,20,-16,20,20,20
649,-2057615905,20,-16,16,20,16,0,-16,0,0,0
650,-2057615781,20,-16,16,20,16,0,-16,0,0,10
651,-2057615593,20,-16,16,20,16,0,-16,0,0,20
652,-2057615484,20,-16,16,20,16,0,-16,0,10,0
653,-2057615343,20,-16,16,20,16,0,-16,0,10,10
654,-2057615140,20,-16,16,20,16,0,-16,0,10,20
655,-2057615030,20,-16,16,20,16,0,-16,0,20,0
656,-2057614921,20,-16,16,20,16,0,-16,0,20,10
657,-2057614765,20,-16,16,20,16,0,-16,0,20,20
658,-2057614546,20,-16,16,20,16,0,-16,10,0,0
659,-2057614327,20,-16,16,20,16,0,-16,10,0,10
660,-2057614093,20,-16,16,20,16,0,-16,10,0,20
661,-2057613984,20,-16,16,20,16,0,-16,10,10,0
662,-2057613859,20,-16,16,20,16,0,-16,10,10,10
663,-2057613655,20,-16,16,20,16,0,-16,10,10,20
664,-2057613499,20,-16,16,20,16,0,-16,10,20,0
665,-2057613359,20,-16,16,20,16,0,-16,10,20,10
666,-2057613171,20,-16,16,20,16,0,-16,10,20,20
667,-2057613062,20,-16,16,20,16,0,-16,20,0,0
668,-2057612937,20,-16,16,20,16,0,-16,20,0,10
669,-2057612765,20,-16,16,20,16,0,-16,20,0,20
670,-2057612593,20,-16,16,20,16,0,-16,20,10,0
671,-2057612452,20,-16,16,20,16,0,-16,20,10,10
672,-2057612265,20,-16,16,20,16,0,-16,20,10,20
673,-2057612124,20,-16,16,20,16,0,-16,20,20,0
674,-2057611952,20,-16,16,20,16,0,-16,20,20,10
675,-2057611827,20,-16,16,20,16,0,-16,20,20,20
676,-2057611687,20,-16,16,20,16,10,-16,0,0,0
677,-2057611577,20,-16,16,20,16,10,-16,0,0,10
678,-2057611452,20,-16,16,20,16,10,-16,0,0,20
679,-2057611265,20,-16,16,20,16,10,-16,0,10,0
680,-2057611124,20,-16,16,20,16,10,-16,0,10,10
681,-2057610968,20,-16,16,20,16,10,-16,0,10,20
682,-2057610812,20,-16,16,20,16,10,-16,0,20,0
683,-2057610593,20,-16,16,20,16,10,-16,0,20,10
684,-2057610484,20,-16,16,20,16,10,-16,0,20,20
685,-2057610312,20,-16,16,20,16,10,-16,10,0,0
686,-2057610140,20,-16,16,20,16,10,-16,10,0,10
687,-2057610015,20,-16,16,20,16,10,-16,10,0,20
688,-2057609874,20,-16,16,20,16,10,-16,10,10,0
689,-2057609718,20,-16,16,20,16,10,-16,10,10,10
690,-2057609530,20,-16,16,20,16,10,-16,10,10,20
691,-2057609374,20,-16,16,20,16,10,-16,10,20,0
692,-2057609234,20,-16,16,20,16,10,-16,10,20,10
693,-2057609140,20,-16,16,20,16,10,-16,10,20,20
694,-2057608968,20,-16,16,20,16,10,-16,20,0,0
695,-2057608765,20,-16,16,20,16,10,-16,20,0,10
696,-2057608655,20,-16,16,20,16,10,-16,20,0,20
697,-2057608499,20,-16,16,20,16,10,-16,20,10,0
698,-2057608327,20,-16,16,20,16,10,-16,20,10,10
699,-2057608171,20,-16,16,20,16,10,-16,20,10,20
700,-2057608077,20,-16,16,20,16,10,-16,20,20,0
701,-2057607921,20,-16,16,20,16,10,-16,20,20,10
702,-2057607765,20,-16,16,20,16,10,-16,20,20,20
703,-2057607609,20,-16,16,20,16,20,-16,0,0,0
704,-2057607484,20,-16,16,20,16,20,-16,0,0,10
705,-2057607343,20,-16,16,20,16,20,-16,0,0,20
706,-2057607171,20,-16,16,20,16,20,-16,0,10,0
707,-2057607046,20,-16,16,20,16,20,-16,0,10,10
708,-2057606905,20,-16,16,20,16,20,-16,0,10,20
709,-2057606796,20,-16,16,20,16,20,-16,0,20,0
710,-2057606593,20,-16,16,20,16,20,-16,0,20,10
711,-2057606405,20,-16,16,20,16,20,-16,0,20,20
712,-2057606202,20,-16,16,20,16,20,-16,10,0,0
713,-2057605968,20,-16,16,20,16,20,-16,10,0,10
714,-2057605859,20,-16,16,20,16,20,-16,10,0,20
715,-2057605655,20,-16,16,20,16,20,-16,10,10,0
716,-2057605484,20,-16,16,20,16,20,-16,10,10,10
717,-2057605359,20,-16,16,20,16,20,-16,10,10,20
718,-2057605140,20,-16,16,20,16,20,-16,10,20,0
719,-2057605031,20,-16,16,20,16,20,-16,10,20,10
720,-2057604890,20,-16,16,20,16,20,-16,10,20,20
721,-2057604765,20,-16,16,20,16,20,-16,20,0,0
722,-2057604577,20,-16,16,20,16,20,-16,20,0,10
723,-2057604437,20,-16,16,20,16,20,-16,20,0,20
724,-2057604265,20,-16,16,20,16,20,-16,20,10,0
725,-2057604124,20,-16,16,20,16,20,-16,20,10,10
726,-2057603952,20,-16,16,20,16,20,-16,20,10,20
727,-2057603843,20,-16,16,20,16,20,-16,20,20,0
728,-2057603671,20,-16,16,20,16,20,-16,20,20,10
729,-2057603452,20,-16,16,20,16,20,-16,20,20,20
